0 1 9746 0
0 2 12383 0
0 4 9738 0
0 6 2349 0
0 11 4032 0
0 13 10924 0
0 14 14258 0
0 18 643 0
0 20 6965 0
0 21 16170 0
0 22 2871 0
0 24 13073 0
0 28 13094 0
0 29 8692 0
0 31 3414 0
0 32 14703 0
0 34 7867 0
0 41 2489 0
0 42 2214 0
0 43 8588 0
0 44 4803 0
0 45 5386 0
0 51 5237 0
0 52 2502 0
0 56 7562 0
0 58 9441 0
0 60 16510 0
0 62 8470 0
0 63 7263 0
0 64 11244 0
0 68 3474 0
0 71 11072 0
0 73 10775 0
0 76 6516 0
0 78 9161 0
0 80 3770 0
0 81 10642 0
0 83 16658 0
0 84 7938 0
0 87 10965 0
0 90 6990 0
0 91 410 0
0 92 14588 0
0 93 7860 0
0 94 12084 0
0 95 14677 0
0 96 12860 0
0 98 12862 0
0 99 9294 0
0 100 11458 0
0 103 12929 0
0 106 4262 0
0 107 16306 0
0 108 1178 0
0 110 7702 0
0 116 16215 0
0 117 15567 0
0 118 16023 0
0 122 6378 0
0 124 8194 0
0 127 4006 0
0 134 2035 0
0 136 8862 0
0 140 7076 0
0 143 16064 0
0 148 201 0
1 4 1490 0
1 7 234 0
1 9 5139 0
1 10 6509 0
1 15 4634 0
1 16 6376 0
1 18 10440 0
1 19 15330 0
1 20 5677 0
1 22 15992 0
1 23 10742 0
1 25 1297 0
1 26 7784 0
1 30 10743 0
1 32 5984 0
1 33 9160 0
1 34 8053 0
1 36 7830 0
1 38 1481 0
1 41 4553 0
1 46 13014 0
1 47 2893 0
1 49 13066 0
1 50 12925 0
1 51 4511 0
1 53 1488 0
1 54 94 0
1 55 7223 0
1 56 11452 0
1 58 13032 0
1 59 1444 0
1 65 10991 0
1 67 13967 0
1 68 11100 0
1 71 1121 0
1 72 8619 0
1 77 4833 0
1 78 12366 0
1 79 8647 0
1 80 5724 0
1 82 11002 0
1 83 13420 0
1 85 4104 0
1 86 3998 0
1 88 9139 0
1 93 10297 0
1 94 7483 0
1 96 1248 0
1 105 12168 0
1 106 10812 0
1 107 10565 0
1 110 12774 0
1 115 1721 0
1 117 2384 0
1 119 8657 0
1 120 3439 0
1 124 2434 0
1 127 11020 0
1 128 13505 0
1 132 8482 0
1 136 9070 0
1 137 11751 0
1 146 577 0
1 147 7942 0
1 149 6678 0
2 4 497 0
2 6 4806 0
2 8 14394 0
2 11 4415 0
2 12 15415 0
2 13 783 0
2 14 2810 0
2 16 8481 0
2 17 9184 0
2 19 4161 0
2 20 216 0
2 21 8173 0
2 22 5323 0
2 23 3717 0
2 24 10423 0
2 25 5536 0
2 27 7753 0
2 28 1303 0
2 29 9553 0
2 31 11350 0
2 32 7436 0
2 34 11576 0
2 35 15389 0
2 36 14510 0
2 38 12789 0
2 40 9128 0
2 42 5597 0
2 43 13489 0
2 46 4090 0
2 47 4963 0
2 49 10845 0
2 50 8984 0
2 52 14551 0
2 53 3202 0
2 57 14975 0
2 59 276 0
2 60 6893 0
2 61 2997 0
2 63 9435 0
2 64 11748 0
2 67 1604 0
2 72 10051 0
2 73 836 0
2 74 5621 0
2 78 7767 0
2 83 15482 0
2 84 11299 0
2 86 16494 0
2 88 5693 0
2 93 8268 0
2 96 970 0
2 97 6188 0
2 99 3617 0
2 103 13333 0
2 104 8150 0
2 105 3079 0
2 106 3974 0
2 107 1558 0
2 111 10305 0
2 112 10842 0
2 115 7123 0
2 116 15621 0
2 117 10866 0
2 118 15448 0
2 120 10655 0
2 121 7103 0
2 123 4582 0
2 124 9050 0
2 125 13488 0
2 127 5381 0
2 128 15507 0
2 129 4900 0
2 132 9644 0
2 133 7838 0
2 135 8365 0
2 141 4359 0
2 144 15240 0
2 145 10105 0
2 148 14094 0
2 149 3939 0
3 5 2367 0
3 9 816 0
3 13 13133 0
3 14 6935 0
3 15 8720 0
3 18 15724 0
3 19 9958 0
3 20 4810 0
3 22 11604 0
3 23 6282 0
3 24 4125 0
3 25 16473 0
3 30 2038 0
3 31 13900 0
3 32 12342 0
3 33 15584 0
3 34 11985 0
3 36 10900 0
3 41 14242 0
3 44 3224 0
3 46 4081 0
3 48 14776 0
3 49 13416 0
3 50 7577 0
3 52 15782 0
3 55 14941 0
3 56 12787 0
3 57 14219 0
3 60 3509 0
3 64 2388 0
3 65 7134 0
3 66 12902 0
3 69 12713 0
3 72 2803 0
3 75 15734 0
3 76 2280 0
3 77 11151 0
3 78 11204 0
3 79 5522 0
3 80 11052 0
3 86 11547 0
3 87 12369 0
3 89 13932 0
3 90 10732 0
3 92 9584 0
3 94 12193 0
3 96 6400 0
3 97 9807 0
3 98 8821 0
3 99 8665 0
3 100 1657 0
3 101 11261 0
3 102 8219 0
3 105 3901 0
3 107 13312 0
3 109 16195 0
3 113 12670 0
3 116 12018 0
3 118 16197 0
3 119 6293 0
3 121 852 0
3 123 8228 0
3 125 8607 0
3 126 12798 0
3 127 14227 0
3 132 2593 0
3 133 650 0
3 139 16523 0
3 140 3390 0
3 142 7225 0
3 144 12255 0
3 145 11821 0
3 146 8679 0
3 147 5785 0
3 149 12254 0
4 7 567 0
4 9 9347 0
4 10 64 0
4 13 11473 0
4 15 10747 0
4 16 886 0
4 17 12897 0
4 19 6117 0
4 21 6792 0
4 22 11565 0
4 27 14089 0
4 28 13348 0
4 30 10040 0
4 31 242 0
4 35 4767 0
4 36 6398 0
4 38 5649 0
4 39 8579 0
4 43 1590 0
4 44 2460 0
4 46 11230 0
4 51 3349 0
4 52 1687 0
4 53 11012 0
4 55 14550 0
4 57 390 0
4 60 14855 0
4 63 6801 0
4 64 14135 0
4 66 4600 0
4 69 9038 0
4 71 1474 0
4 74 5608 0
4 75 9527 0
4 77 11844 0
4 78 7193 0
4 79 14555 0
4 81 8159 0
4 83 10727 0
4 86 6283 0
4 88 13314 0
4 89 16421 0
4 90 14489 0
4 91 1007 0
4 92 11560 0
4 93 15881 0
4 94 14431 0
4 97 12050 0
4 101 13916 0
4 102 7239 0
4 104 5339 0
4 105 15217 0
4 109 1680 0
4 113 9873 0
4 114 15717 0
4 116 3299 0
4 117 1305 0
4 118 8864 0
4 119 7530 0
4 120 15374 0
4 123 4606 0
4 124 9778 0
4 125 124 0
4 127 9565 0
4 131 4616 0
4 135 1769 0
4 138 1933 0
4 139 14495 0
4 142 4703 0
4 145 3140 0
5 6 5682 0
5 11 10527 0
5 12 2200 0
5 13 3400 0
5 15 11098 0
5 18 9157 0
5 20 2935 0
5 28 1932 0
5 30 13902 0
5 32 3733 0
5 33 6540 0
5 34 1644 0
5 35 3747 0
5 36 2868 0
5 38 9912 0
5 40 13654 0
5 44 11899 0
5 45 14312 0
5 46 16295 0
5 47 3276 0
5 48 15467 0
5 53 8058 0
5 54 15707 0
5 55 12003 0
5 56 3022 0
5 57 4719 0
5 59 8392 0
5 63 14582 0
5 65 10199 0
5 67 11199 0
5 69 12392 0
5 70 5514 0
5 71 12355 0
5 72 14179 0
5 78 14684 0
5 79 5734 0
5 80 11038 0
5 81 10135 0
5 82 5529 0
5 83 13674 0
5 84 11978 0
5 89 13047 0
5 92 15794 0
5 95 3211 0
5 98 9757 0
5 101 9136 0
5 102 779 0
5 104 7453 0
5 105 13242 0
5 106 14395 0
5 107 762 0
5 108 10101 0
5 111 10162 0
5 112 5026 0
5 113 1567 0
5 115 5401 0
5 116 9602 0
5 117 13672 0
5 118 530 0
5 119 6445 0
5 120 10076 0
5 121 5650 0
5 122 5093 0
5 125 1808 0
5 128 16575 0
5 131 7141 0
5 132 5731 0
5 133 1009 0
5 134 5211 0
5 135 11502 0
5 137 4677 0
5 138 6018 0
5 140 11348 0
5 141 4642 0
5 143 16644 0
5 144 14500 0
5 146 490 0
5 149 15783 0
6 7 4292 0
6 10 11554 0
6 11 8523 0
6 12 16041 0
6 14 6363 0
6 18 16101 0
6 20 11483 0
6 21 6041 0
6 26 4754 0
6 28 8906 0
6 29 1079 0
6 30 7207 0
6 31 4219 0
6 35 1875 0
6 37 2325 0
6 38 2491 0
6 40 11101 0
6 41 78 0
6 47 377 0
6 48 3281 0
6 50 3716 0
6 53 8903 0
6 54 1752 0
6 55 7157 0
6 56 12307 0
6 59 13434 0
6 60 11692 0
6 61 9058 0
6 66 2721 0
6 67 14223 0
6 68 5792 0
6 69 15521 0
6 71 15348 0
6 74 8308 0
6 75 15203 0
6 77 8631 0
6 79 4375 0
6 81 5367 0
6 87 8473 0
6 90 13572 0
6 91 10198 0
6 97 5949 0
6 100 8513 0
6 101 8587 0
6 104 7130 0
6 108 7267 0
6 111 2555 0
6 115 15962 0
6 116 10426 0
6 117 3093 0
6 121 6930 0
6 127 9472 0
6 130 13830 0
6 132 2128 0
6 133 4628 0
6 134 15677 0
6 135 8781 0
6 137 4439 0
6 138 11643 0
6 141 12308 0
6 142 9327 0
6 143 5877 0
6 145 11382 0
6 146 2818 0
6 149 13269 0
7 11 7222 0
7 14 611 0
7 18 5897 0
7 19 13839 0
7 21 985 0
7 24 11121 0
7 26 11196 0
7 27 12691 0
7 28 9348 0
7 31 11645 0
7 37 15872 0
7 39 11033 0
7 41 7651 0
7 43 14333 0
7 44 11110 0
7 47 16164 0
7 48 9829 0
7 49 8347 0
7 50 8299 0
7 51 11673 0
7 52 7987 0
7 56 16019 0
7 66 30 0
7 71 8681 0
7 74 9504 0
7 75 6807 0
7 76 4004 0
7 77 2844 0
7 80 13143 0
7 83 4775 0
7 84 16524 0
7 85 12420 0
7 86 15608 0
7 88 13826 0
7 91 10784 0
7 95 7166 0
7 96 15609 0
7 97 8854 0
7 99 15699 0
7 101 11873 0
7 102 9678 0
7 104 14423 0
7 107 5316 0
7 108 1626 0
7 109 9816 0
7 110 1996 0
7 113 4933 0
7 114 14085 0
7 115 4759 0
7 119 706 0
7 122 7642 0
7 124 3618 0
7 125 6306 0
7 127 11850 0
7 129 6875 0
7 130 4620 0
7 131 9443 0
7 132 4874 0
7 133 7391 0
7 134 9196 0
7 135 590 0
7 136 1842 0
7 139 15847 0
7 141 10902 0
7 145 12699 0
7 148 15369 0
8 10 7094 0
8 11 1678 0
8 12 9442 0
8 19 3245 0
8 21 13256 0
8 23 7537 0
8 24 1340 0
8 29 7435 0
8 31 16480 0
8 32 12964 0
8 33 3604 0
8 40 15987 0
8 43 9558 0
8 44 12806 0
8 48 8525 0
8 49 16062 0
8 50 12842 0
8 51 15172 0
8 52 5071 0
8 55 8764 0
8 56 606 0
8 57 7538 0
8 59 15073 0
8 60 5040 0
8 62 2650 0
8 63 9346 0
8 65 16406 0
8 66 10757 0
8 68 9052 0
8 73 10995 0
8 74 16033 0
8 75 10762 0
8 79 9290 0
8 80 10491 0
8 81 6600 0
8 83 305 0
8 86 15497 0
8 87 3313 0
8 91 9986 0
8 94 2995 0
8 95 13207 0
8 96 10188 0
8 101 9971 0
8 102 761 0
8 105 7404 0
8 106 5946 0
8 108 14373 0
8 110 13904 0
8 111 6145 0
8 116 5934 0
8 118 10723 0
8 120 2669 0
8 125 6425 0
8 126 1759 0
8 128 15397 0
8 129 14791 0
8 132 2495 0
8 133 11173 0
8 135 11797 0
8 139 12272 0
8 140 4152 0
8 144 1758 0
8 145 12468 0
8 147 3386 0
8 148 15276 0
8 149 7716 0
9 11 8639 0
9 13 15159 0
9 16 1658 0
9 18 12778 0
9 21 11559 0
9 23 2680 0
9 24 14336 0
9 27 13468 0
9 31 10276 0
9 32 14033 0
9 34 998 0
9 35 2709 0
9 36 12141 0
9 37 524 0
9 38 5736 0
9 39 6888 0
9 42 8987 0
9 43 14593 0
9 44 13141 0
9 47 16098 0
9 48 9521 0
9 51 10671 0
9 52 10222 0
9 53 7736 0
9 54 2806 0
9 56 15790 0
9 61 10011 0
9 62 8989 0
9 68 9795 0
9 72 5595 0
9 73 6835 0
9 74 6232 0
9 77 13609 0
9 79 11028 0
9 85 10615 0
9 88 6597 0
9 90 13236 0
9 91 7646 0
9 99 14070 0
9 100 221 0
9 102 9167 0
9 103 2941 0
9 104 11379 0
9 110 2788 0
9 112 2587 0
9 114 12800 0
9 115 2702 0
9 116 7169 0
9 117 10587 0
9 118 13579 0
9 119 1733 0
9 120 14286 0
9 123 4029 0
9 124 6520 0
9 125 1272 0
9 126 9257 0
9 129 4308 0
9 131 12236 0
9 132 13945 0
9 134 1542 0
9 135 2499 0
9 136 3849 0
9 140 1346 0
9 142 11347 0
9 143 5344 0
9 145 10919 0
9 146 1544 0
9 148 10787 0
10 12 11924 0
10 15 2454 0
10 17 15336 0
10 19 12864 0
10 20 3696 0
10 21 4159 0
10 25 724 0
10 26 14307 0
10 28 6177 0
10 29 12155 0
10 30 4049 0
10 32 671 0
10 34 4866 0
10 35 5442 0
10 37 579 0
10 43 16492 0
10 45 13456 0
10 48 5249 0
10 49 6488 0
10 52 2005 0
10 54 13243 0
10 56 13924 0
10 58 1030 0
10 61 16123 0
10 63 6453 0
10 67 3942 0
10 68 6354 0
10 69 5739 0
10 70 5708 0
10 72 1682 0
10 76 9384 0
10 77 10163 0
10 78 6367 0
10 80 11343 0
10 82 14926 0
10 83 6517 0
10 85 9410 0
10 87 4704 0
10 88 14600 0
10 89 2381 0
10 91 1475 0
10 96 8161 0
10 97 7656 0
10 98 6764 0
10 99 7294 0
10 100 772 0
10 101 11104 0
10 102 13045 0
10 103 14062 0
10 104 5223 0
10 106 15551 0
10 110 3434 0
10 113 3319 0
10 115 4213 0
10 117 9218 0
10 118 9358 0
10 120 11220 0
10 121 2673 0
10 123 14064 0
10 124 12941 0
10 131 8638 0
10 134 9506 0
10 135 2420 0
10 136 3318 0
10 137 6692 0
10 141 16065 0
10 144 5856 0
10 146 12844 0
10 149 5348 0
11 16 2478 0
11 17 4202 0
11 19 4536 0
11 20 4728 0
11 24 15654 0
11 26 7059 0
11 29 8788 0
11 30 8011 0
11 33 5424 0
11 35 178 0
11 36 2347 0
11 38 4063 0
11 43 2001 0
11 46 13113 0
11 50 12371 0
11 51 261 0
11 55 14888 0
11 57 16428 0
11 58 3273 0
11 59 5479 0
11 61 6768 0
11 64 7458 0
11 68 10306 0
11 69 392 0
11 72 7652 0
11 74 4417 0
11 77 9238 0
11 79 2120 0
11 81 4813 0
11 82 1550 0
11 83 6146 0
11 88 3288 0
11 92 2663 0
11 93 1832 0
11 94 6185 0
11 95 8594 0
11 96 3226 0
11 98 6096 0
11 99 14781 0
11 100 16638 0
11 101 2408 0
11 102 6825 0
11 103 5818 0
11 104 15994 0
11 107 8757 0
11 108 8769 0
11 109 14046 0
11 111 3713 0
11 113 14187 0
11 115 6260 0
11 118 14214 0
11 121 1863 0
11 124 12721 0
11 126 6248 0
11 128 7001 0
11 130 3538 0
11 131 7973 0
11 132 6974 0
11 134 4065 0
11 136 3086 0
11 138 2784 0
11 139 7189 0
11 142 3898 0
11 149 5407 0
12 13 11781 0
12 14 3743 0
12 23 4581 0
12 25 7723 0
12 26 7553 0
12 27 1893 0
12 30 2717 0
12 31 7135 0
12 33 10790 0
12 37 7018 0
12 39 9406 0
12 41 9169 0
12 42 15033 0
12 44 5182 0
12 45 12247 0
12 48 5620 0
12 51 12866 0
12 52 8602 0
12 53 879 0
12 54 12888 0
12 55 13691 0
12 57 6115 0
12 58 11687 0
12 62 16542 0
12 64 6621 0
12 68 13919 0
12 71 11149 0
12 72 1207 0
12 73 8446 0
12 79 2955 0
12 86 2111 0
12 88 8865 0
12 91 4711 0
12 92 10859 0
12 94 12585 0
12 95 15259 0
12 98 14210 0
12 99 2899 0
12 102 11719 0
12 104 12549 0
12 105 12532 0
12 106 7269 0
12 107 1389 0
12 109 4206 0
12 110 15028 0
12 111 16138 0
12 112 8266 0
12 113 1015 0
12 117 3519 0
12 118 7431 0
12 119 1709 0
12 120 10424 0
12 121 16402 0
12 122 3228 0
12 127 11937 0
12 128 1262 0
12 129 11360 0
12 131 7621 0
12 136 15136 0
12 137 3006 0
12 140 6646 0
12 141 6911 0
12 144 853 0
12 146 7474 0
13 15 7654 0
13 17 4544 0
13 18 11584 0
13 22 3348 0
13 27 8422 0
13 28 15368 0
13 32 10201 0
13 33 5452 0
13 34 12097 0
13 35 6118 0
13 36 6767 0
13 41 4170 0
13 42 13355 0
13 43 4144 0
13 45 9760 0
13 46 14566 0
13 50 1679 0
13 51 5995 0
13 56 2283 0
13 59 14470 0
13 61 10124 0
13 62 16340 0
13 63 13876 0
13 64 12348 0
13 67 14300 0
13 69 14531 0
13 73 10944 0
13 75 942 0
13 76 13597 0
13 77 2237 0
13 80 2090 0
13 82 254 0
13 84 3271 0
13 86 14091 0
13 87 1157 0
13 92 3419 0
13 94 14915 0
13 97 2731 0
13 98 16281 0
13 99 2991 0
13 103 14503 0
13 105 1917 0
13 108 12403 0
13 109 14467 0
13 113 142 0
13 115 15308 0
13 116 6885 0
13 117 10590 0
13 123 2448 0
13 124 3121 0
13 125 937 0
13 126 5134 0
13 127 3711 0
13 128 9684 0
13 129 5097 0
13 130 14203 0
13 131 14501 0
13 132 14105 0
13 134 6527 0
13 137 1263 0
13 138 15328 0
13 139 12430 0
13 141 9470 0
13 142 13571 0
13 146 5387 0
13 147 16097 0
14 15 16625 0
14 17 14619 0
14 18 1493 0
14 19 4652 0
14 21 1142 0
14 22 6139 0
14 23 14449 0
14 26 11148 0
14 28 2905 0
14 32 2612 0
14 34 8070 0
14 35 4158 0
14 36 8407 0
14 37 16662 0
14 38 13502 0
14 39 4547 0
14 40 8927 0
14 41 14513 0
14 42 9752 0
14 44 7272 0
14 48 6087 0
14 49 15370 0
14 54 10763 0
14 55 8092 0
14 56 8672 0
14 58 12292 0
14 59 9326 0
14 61 6806 0
14 62 3206 0
14 63 12621 0
14 64 780 0
14 66 13487 0
14 67 2260 0
14 70 15663 0
14 71 13220 0
14 72 14876 0
14 73 14989 0
14 74 12849 0
14 75 7065 0
14 78 3330 0
14 79 4023 0
14 80 3382 0
14 82 12847 0
14 85 9833 0
14 86 14381 0
14 91 16443 0
14 95 9069 0
14 99 8800 0
14 100 12826 0
14 101 6674 0
14 103 12078 0
14 104 6366 0
14 105 11944 0
14 106 16538 0
14 109 12104 0
14 110 14410 0
14 112 9339 0
14 113 6595 0
14 114 8693 0
14 115 1895 0
14 116 10452 0
14 122 13540 0
14 123 2459 0
14 125 11435 0
14 126 12590 0
14 127 14891 0
14 130 9733 0
14 131 9143 0
14 133 10378 0
14 134 6003 0
14 136 2103 0
14 137 14828 0
14 141 7912 0
14 142 15436 0
14 143 8926 0
14 144 16026 0
14 145 14077 0
14 147 10392 0
15 18 6210 0
15 19 15819 0
15 21 2151 0
15 22 16283 0
15 29 11341 0
15 31 15036 0
15 32 6004 0
15 33 4574 0
15 34 3764 0
15 37 9798 0
15 38 13635 0
15 41 8755 0
15 42 9872 0
15 43 3407 0
15 46 6162 0
15 47 10456 0
15 48 1428 0
15 52 35 0
15 55 10608 0
15 59 9641 0
15 60 6890 0
15 61 4583 0
15 63 7170 0
15 65 6999 0
15 69 7173 0
15 74 12521 0
15 76 9667 0
15 81 14978 0
15 82 5616 0
15 84 11956 0
15 85 160 0
15 87 5457 0
15 90 12058 0
15 91 4531 0
15 93 13196 0
15 100 3062 0
15 103 11641 0
15 104 12311 0
15 105 3986 0
15 108 4246 0
15 110 15732 0
15 112 10774 0
15 113 4645 0
15 115 5241 0
15 117 11787 0
15 119 11011 0
15 120 5668 0
15 121 9265 0
15 122 9984 0
15 123 5087 0
15 124 3394 0
15 127 1282 0
15 130 13961 0
15 131 8792 0
15 133 16137 0
15 137 8298 0
15 140 6170 0
15 141 362 0
15 142 11396 0
15 143 15514 0
15 147 10856 0
16 17 5542 0
16 19 9093 0
16 20 1022 0
16 21 11447 0
16 22 15563 0
16 23 1551 0
16 26 10596 0
16 27 4506 0
16 28 12073 0
16 29 11231 0
16 30 14792 0
16 32 10130 0
16 34 13341 0
16 35 9456 0
16 36 14982 0
16 38 5852 0
16 39 15320 0
16 42 7304 0
16 43 13422 0
16 45 5865 0
16 46 3584 0
16 50 10810 0
16 51 15967 0
16 52 7167 0
16 54 10322 0
16 55 6385 0
16 56 10361 0
16 59 7968 0
16 62 14399 0
16 66 5035 0
16 69 6476 0
16 70 10889 0
16 71 7490 0
16 74 5073 0
16 75 16516 0
16 76 14163 0
16 77 14252 0
16 78 6998 0
16 79 12680 0
16 80 4838 0
16 82 1236 0
16 84 1782 0
16 90 9324 0
16 91 4879 0
16 92 8928 0
16 94 3726 0
16 95 6410 0
16 97 3878 0
16 100 8634 0
16 101 12944 0
16 103 7933 0
16 104 13351 0
16 107 7309 0
16 109 9910 0
16 110 2310 0
16 112 2326 0
16 115 10316 0
16 116 4123 0
16 117 4758 0
16 119 9934 0
16 120 2580 0
16 122 15849 0
16 123 15356 0
16 126 11599 0
16 129 10295 0
16 130 10069 0
16 135 5982 0
16 136 486 0
16 138 11325 0
16 140 7813 0
16 142 5128 0
16 144 4352 0
16 145 12672 0
16 146 1526 0
16 148 15811 0
16 149 629 0
17 18 12976 0
17 19 12535 0
17 21 7124 0
17 22 456 0
17 24 14760 0
17 25 7791 0
17 26 11941 0
17 28 11031 0
17 32 16520 0
17 33 14800 0
17 39 8732 0
17 41 8054 0
17 46 1153 0
17 47 10760 0
17 50 6384 0
17 52 14422 0
17 53 472 0
17 54 12315 0
17 55 859 0
17 56 11209 0
17 57 12498 0
17 58 16570 0
17 60 14212 0
17 61 12612 0
17 62 13724 0
17 64 10235 0
17 65 12877 0
17 68 8952 0
17 70 2155 0
17 71 15486 0
17 72 12785 0
17 73 4077 0
17 74 1065 0
17 75 5507 0
17 76 13343 0
17 77 3249 0
17 78 12547 0
17 81 11270 0
17 82 9228 0
17 83 7496 0
17 84 5397 0
17 86 9513 0
17 88 13277 0
17 90 7456 0
17 91 1169 0
17 92 12813 0
17 95 6800 0
17 96 426 0
17 97 10241 0
17 98 5296 0
17 104 11817 0
17 106 7009 0
17 107 1231 0
17 108 7703 0
17 109 4266 0
17 110 7212 0
17 111 12116 0
17 113 14215 0
17 117 6984 0
17 123 11760 0
17 124 16141 0
17 125 13166 0
17 126 3179 0
17 127 14347 0
17 128 13880 0
17 129 13566 0
17 131 3732 0
17 134 12364 0
17 136 9823 0
17 139 4118 0
17 140 11859 0
17 141 6608 0
17 143 6357 0
17 144 9711 0
17 145 11705 0
17 147 13359 0
17 148 2791 0
18 21 2660 0
18 22 10172 0
18 27 7062 0
18 28 7364 0
18 29 325 0
18 30 4445 0
18 32 13746 0
18 33 999 0
18 34 15735 0
18 35 11211 0
18 36 1294 0
18 37 1253 0
18 38 6843 0
18 44 10704 0
18 47 8028 0
18 48 15708 0
18 49 15995 0
18 50 11775 0
18 51 13726 0
18 52 14407 0
18 55 15031 0
18 58 6638 0
18 59 7104 0
18 60 6447 0
18 61 2560 0
18 63 13248 0
18 65 6374 0
18 67 11053 0
18 68 16114 0
18 69 13215 0
18 70 15540 0
18 72 9401 0
18 73 7384 0
18 74 10779 0
18 76 16381 0
18 77 3471 0
18 78 7937 0
18 84 16632 0
18 86 5104 0
18 87 11639 0
18 88 15192 0
18 90 14309 0
18 91 8567 0
18 92 10335 0
18 94 3567 0
18 95 13394 0
18 98 14777 0
18 100 12140 0
18 102 665 0
18 103 2686 0
18 106 7414 0
18 107 1456 0
18 108 7381 0
18 109 10439 0
18 110 8536 0
18 111 95 0
18 114 2352 0
18 116 10858 0
18 118 3613 0
18 122 11764 0
18 126 16464 0
18 127 10559 0
18 130 14079 0
18 132 2063 0
18 133 4280 0
18 137 9946 0
18 138 2610 0
18 140 4287 0
18 142 14882 0
18 145 10783 0
18 147 4725 0
19 20 7248 0
19 21 1631 0
19 26 7432 0
19 27 6332 0
19 28 15438 0
19 32 1756 0
19 33 269 0
19 34 13291 0
19 35 1557 0
19 36 13015 0
19 38 12634 0
19 45 10680 0
19 46 8902 0
19 47 15982 0
19 49 3002 0
19 54 14540 0
19 56 5078 0
19 57 5455 0
19 58 4060 0
19 60 626 0
19 61 1696 0
19 63 1431 0
19 66 1595 0
19 67 372 0
19 68 14698 0
19 70 6689 0
19 73 8758 0
19 79 1817 0
19 82 16361 0
19 83 15128 0
19 84 9909 0
19 86 6136 0
19 87 7164 0
19 88 1525 0
19 92 6673 0
19 93 10393 0
19 95 13556 0
19 98 13936 0
19 100 2114 0
19 101 9666 0
19 102 6585 0
19 104 15478 0
19 108 10312 0
19 111 16439 0
19 112 9278 0
19 114 9843 0
19 116 11205 0
19 118 61 0
19 121 11790 0
19 122 10685 0
19 123 3708 0
19 124 13719 0
19 126 12973 0
19 127 5523 0
19 128 2597 0
19 129 11588 0
19 130 5759 0
19 131 16407 0
19 134 7334 0
19 139 16103 0
19 141 7255 0
19 143 2446 0
19 144 9461 0
20 22 7993 0
20 25 4285 0
20 26 14047 0
20 27 9165 0
20 30 7045 0
20 31 5247 0
20 33 1212 0
20 35 8103 0
20 36 1874 0
20 38 12477 0
20 39 8079 0
20 40 6679 0
20 43 2243 0
20 44 16531 0
20 45 10321 0
20 47 8144 0
20 49 177 0
20 50 3841 0
20 53 3326 0
20 54 13668 0
20 56 4019 0
20 59 4868 0
20 62 16525 0
20 63 14809 0
20 65 8464 0
20 69 12916 0
20 72 6991 0
20 74 4576 0
20 75 3638 0
20 76 918 0
20 81 1159 0
20 83 15766 0
20 84 9617 0
20 85 6247 0
20 86 13260 0
20 87 1670 0
20 89 14342 0
20 90 8918 0
20 91 15681 0
20 93 9449 0
20 95 9790 0
20 97 5590 0
20 99 13754 0
20 100 1290 0
20 101 2619 0
20 102 4258 0
20 103 2777 0
20 106 2695 0
20 109 3219 0
20 110 12471 0
20 112 15710 0
20 114 12525 0
20 116 4361 0
20 117 6635 0
20 120 11224 0
20 122 10230 0
20 123 11825 0
20 124 8399 0
20 126 11602 0
20 130 3773 0
20 131 5478 0
20 132 6554 0
20 133 7346 0
20 137 5487 0
20 138 3053 0
20 139 10568 0
20 141 8254 0
20 142 15919 0
20 146 8145 0
20 147 2947 0
20 148 5450 0
20 149 13470 0
21 23 3686 0
21 27 10618 0
21 29 15865 0
21 32 15736 0
21 37 5293 0
21 40 10483 0
21 42 57 0
21 46 2584 0
21 48 9749 0
21 50 16202 0
21 51 10084 0
21 52 3003 0
21 54 11662 0
21 57 12334 0
21 58 10332 0
21 61 1146 0
21 63 7576 0
21 65 6658 0
21 66 7031 0
21 68 5313 0
21 71 6988 0
21 75 4962 0
21 77 98 0
21 78 1343 0
21 80 15968 0
21 84 16530 0
21 85 7331 0
21 88 13363 0
21 89 1991 0
21 90 2675 0
21 94 15863 0
21 97 4017 0
21 98 1627 0
21 101 12729 0
21 102 12627 0
21 104 11449 0
21 106 1496 0
21 107 4039 0
21 108 6101 0
21 109 15802 0
21 114 9828 0
21 115 12742 0
21 119 2822 0
21 120 14372 0
21 123 2921 0
21 124 6506 0
21 125 811 0
21 127 2273 0
21 129 4455 0
21 130 14506 0
21 131 9964 0
21 135 11134 0
21 137 6338 0
21 138 6183 0
21 139 12053 0
21 145 5910 0
21 149 13161 0
22 23 5384 0
22 24 4777 0
22 25 10785 0
22 26 14607 0
22 27 10576 0
22 29 2410 0
22 30 14604 0
22 31 11544 0
22 32 820 0
22 33 1335 0
22 34 3560 0
22 37 14596 0
22 39 13386 0
22 42 9595 0
22 44 6675 0
22 46 10265 0
22 47 7688 0
22 48 8363 0
22 49 7142 0
22 51 1459 0
22 52 3323 0
22 54 9098 0
22 57 5745 0
22 62 5791 0
22 63 7601 0
22 65 10212 0
22 67 12972 0
22 69 1843 0
22 71 13835 0
22 77 8680 0
22 84 10058 0
22 88 916 0
22 90 9308 0
22 92 9769 0
22 95 9838 0
22 98 13140 0
22 100 11140 0
22 101 15688 0
22 103 14722 0
22 104 10462 0
22 105 11977 0
22 106 1818 0
22 107 3098 0
22 108 2783 0
22 111 16651 0
22 114 609 0
22 115 10714 0
22 116 16053 0
22 117 11890 0
22 118 2013 0
22 119 2830 0
22 120 4976 0
22 121 2254 0
22 123 12326 0
22 124 8801 0
22 125 15762 0
22 126 6575 0
22 127 9627 0
22 129 5352 0
22 130 1378 0
22 131 5691 0
22 132 6421 0
22 133 10030 0
22 134 9963 0
22 140 10479 0
22 143 1478 0
22 144 8362 0
22 145 11334 0
22 146 6831 0
22 147 8958 0
22 148 1093 0
23 28 14894 0
23 33 1339 0
23 34 11153 0
23 36 192 0
23 37 7994 0
23 41 10580 0
23 42 9466 0
23 43 4192 0
23 44 2402 0
23 46 4638 0
23 47 7595 0
23 49 4277 0
23 51 10391 0
23 52 6198 0
23 53 10689 0
23 54 2303 0
23 67 14389 0
23 69 3664 0
23 71 1362 0
23 73 3120 0
23 74 16243 0
23 84 5215 0
23 85 6449 0
23 86 6733 0
23 87 5596 0
23 88 11259 0
23 90 11556 0
23 92 12876 0
23 93 11472 0
23 94 3657 0
23 96 5048 0
23 100 10416 0
23 103 200 0
23 105 12451 0
23 108 11774 0
23 111 14917 0
23 115 16105 0
23 116 11680 0
23 117 7374 0
23 121 4113 0
23 123 14780 0
23 126 14884 0
23 128 2129 0
23 129 1055 0
23 130 16390 0
23 132 16264 0
23 136 9980 0
23 137 4647 0
23 138 11427 0
23 141 15342 0
23 142 11959 0
23 143 9097 0
23 144 8376 0
23 145 11834 0
23 146 15978 0
23 147 10668 0
23 149 4405 0
24 27 13340 0
24 29 4489 0
24 31 4014 0
24 34 989 0
24 37 4572 0
24 39 7612 0
24 42 3284 0
24 43 15044 0
24 44 7602 0
24 49 6802 0
24 53 5280 0
24 61 12711 0
24 62 16046 0
24 66 5506 0
24 68 6104 0
24 71 10068 0
24 72 15909 0
24 73 15299 0
24 75 8157 0
24 79 2634 0
24 80 3511 0
24 82 6226 0
24 84 7727 0
24 87 7959 0
24 88 16329 0
24 89 3615 0
24 90 14388 0
24 91 10374 0
24 94 2209 0
24 95 16487 0
24 97 10438 0
24 102 9723 0
24 105 4815 0
24 106 10152 0
24 110 7572 0
24 117 8621 0
24 119 7555 0
24 120 9102 0
24 121 4153 0
24 122 9287 0
24 124 11684 0
24 125 10645 0
24 126 3562 0
24 127 954 0
24 129 8615 0
24 130 8438 0
24 131 16419 0
24 135 733 0
24 136 14634 0
24 137 5601 0
24 142 2442 0
24 143 4845 0
24 145 2244 0
24 147 2848 0
24 148 10059 0
25 30 2754 0
25 31 13296 0
25 33 11514 0
25 36 2739 0
25 37 739 0
25 38 1704 0
25 41 14452 0
25 43 930 0
25 44 9951 0
25 45 11127 0
25 46 12037 0
25 48 41 0
25 49 9991 0
25 50 8061 0
25 52 4509 0
25 53 15220 0
25 59 1720 0
25 60 507 0
25 63 9299 0
25 65 568 0
25 67 13697 0
25 70 15227 0
25 71 12332 0
25 72 2801 0
25 74 8556 0
25 82 15810 0
25 85 11505 0
25 86 15645 0
25 89 2571 0
25 90 308 0
25 92 8706 0
25 94 14146 0
25 95 4382 0
25 97 5931 0
25 100 13766 0
25 103 6691 0
25 107 784 0
25 110 4613 0
25 111 4612 0
25 112 11338 0
25 114 15936 0
25 115 11708 0
25 117 1413 0
25 118 3000 0
25 120 8357 0
25 121 2271 0
25 122 9292 0
25 123 16649 0
25 124 15066 0
25 125 1145 0
25 126 13600 0
25 130 6393 0
25 131 4313 0
25 135 5200 0
25 136 10031 0
25 138 334 0
25 139 4438 0
25 140 16148 0
25 142 1990 0
25 143 7427 0
25 146 9732 0
25 147 6043 0
25 148 3513 0
26 27 11818 0
26 29 7328 0
26 32 7433 0
26 33 3010 0
26 36 6912 0
26 37 14024 0
26 38 15820 0
26 39 13844 0
26 43 11314 0
26 46 8901 0
26 47 801 0
26 48 15839 0
26 49 1866 0
26 50 15801 0
26 51 15420 0
26 54 2616 0
26 55 11105 0
26 56 7903 0
26 59 5133 0
26 61 11253 0
26 62 3360 0
26 63 15489 0
26 64 12390 0
26 65 1617 0
26 66 13557 0
26 68 10257 0
26 72 2518 0
26 73 9066 0
26 74 2455 0
26 76 11311 0
26 78 4639 0
26 81 3949 0
26 84 7437 0
26 86 9841 0
26 89 10325 0
26 92 4520 0
26 93 15155 0
26 94 12966 0
26 95 10599 0
26 96 9582 0
26 98 13547 0
26 99 6083 0
26 102 7718 0
26 105 10224 0
26 107 15971 0
26 110 3608 0
26 111 8213 0
26 112 8236 0
26 113 7430 0
26 117 6629 0
26 119 7820 0
26 123 2207 0
26 127 9692 0
26 129 10484 0
26 132 10660 0
26 134 11478 0
26 135 1479 0
26 138 9242 0
26 139 1605 0
26 141 835 0
26 142 7155 0
26 143 2894 0
26 148 4426 0
26 149 5149 0
27 28 9615 0
27 30 10702 0
27 33 9323 0
27 37 16274 0
27 41 11651 0
27 44 14560 0
27 45 1955 0
27 46 11572 0
27 47 10963 0
27 50 14840 0
27 52 1629 0
27 54 12807 0
27 55 6577 0
27 59 500 0
27 60 8380 0
27 61 868 0
27 62 11804 0
27 65 9890 0
27 66 14009 0
27 68 5284 0
27 71 8524 0
27 73 10503 0
27 74 7216 0
27 75 5067 0
27 76 10614 0
27 77 3250 0
27 81 7640 0
27 84 1835 0
27 85 2919 0
27 86 8167 0
27 88 16460 0
27 89 13507 0
27 90 12250 0
27 93 12081 0
27 96 10085 0
27 98 4721 0
27 99 2992 0
27 100 11561 0
27 101 10952 0
27 102 4037 0
27 103 13152 0
27 104 3410 0
27 105 12064 0
27 111 7504 0
27 113 8933 0
27 116 9423 0
27 119 16621 0
27 122 9698 0
27 127 7117 0
27 129 13284 0
27 131 7801 0
27 132 14251 0
27 137 14328 0
27 139 15712 0
27 143 14240 0
27 148 2262 0
27 149 5737 0
28 29 4333 0
28 31 6784 0
28 33 15254 0
28 35 14339 0
28 36 48 0
28 39 5518 0
28 40 10496 0
28 41 1947 0
28 44 8828 0
28 45 16287 0
28 52 5106 0
28 54 14261 0
28 55 1174 0
28 56 4480 0
28 57 4529 0
28 58 9552 0
28 59 13729 0
28 65 9203 0
28 66 5413 0
28 67 393 0
28 71 13259 0
28 72 13346 0
28 73 5711 0
28 75 1072 0
28 76 12650 0
28 77 16089 0
28 79 8134 0
28 87 3199 0
28 89 15406 0
28 90 14295 0
28 91 8668 0
28 94 4864 0
28 95 9659 0
28 97 2430 0
28 98 9967 0
28 100 16035 0
28 102 880 0
28 103 1438 0
28 113 2909 0
28 117 913 0
28 118 7777 0
28 120 8684 0
28 121 3649 0
28 122 136 0
28 123 13616 0
28 125 8712 0
28 127 13080 0
28 128 15862 0
28 129 3603 0
28 131 7559 0
28 132 12445 0
28 135 14078 0
28 136 8740 0
28 142 1002 0
28 143 2164 0
28 144 10632 0
28 145 14807 0
28 146 10705 0
28 147 1681 0
29 30 2113 0
29 33 4688 0
29 34 4468 0
29 37 12832 0
29 42 15366 0
29 44 2122 0
29 46 3563 0
29 47 2881 0
29 50 5722 0
29 52 12323 0
29 57 11724 0
29 59 2376 0
29 63 14896 0
29 64 16096 0
29 65 7787 0
29 67 7783 0
29 69 2194 0
29 70 10102 0
29 71 3077 0
29 72 15432 0
29 73 6369 0
29 80 3951 0
29 84 7741 0
29 85 1257 0
29 86 11248 0
29 87 6668 0
29 88 6132 0
29 90 9796 0
29 92 3353 0
29 93 5467 0
29 95 9478 0
29 96 8186 0
29 99 14100 0
29 100 7256 0
29 101 13913 0
29 103 13716 0
29 104 6667 0
29 106 15008 0
29 108 10951 0
29 111 12144 0
29 112 449 0
29 116 8102 0
29 122 4371 0
29 123 1611 0
29 129 7356 0
29 130 8970 0
29 132 915 0
29 133 15006 0
29 134 15321 0
29 136 239 0
29 138 3308 0
29 140 598 0
29 142 12363 0
29 144 14460 0
29 145 13251 0
29 146 6082 0
29 147 1394 0
29 149 3404 0
30 32 3570 0
30 36 6291 0
30 37 4109 0
30 39 16552 0
30 41 1092 0
30 42 12904 0
30 45 11180 0
30 46 8078 0
30 49 1154 0
30 50 4317 0
30 51 8773 0
30 52 2346 0
30 58 15493 0
30 61 3477 0
30 65 2596 0
30 66 3633 0
30 69 7470 0
30 72 12526 0
30 73 847 0
30 75 7071 0
30 76 5186 0
30 78 10720 0
30 79 15642 0
30 80 9593 0
30 82 8897 0
30 83 8600 0
30 84 9987 0
30 85 15939 0
30 86 3786 0
30 93 14778 0
30 97 9630 0
30 98 1739 0
30 99 3556 0
30 101 12395 0
30 103 16081 0
30 106 14530 0
30 107 8338 0
30 109 4898 0
30 111 4190 0
30 112 2348 0
30 114 15895 0
30 118 7153 0
30 119 1324 0
30 124 9148 0
30 125 10206 0
30 126 4432 0
30 129 11598 0
30 130 3174 0
30 131 9130 0
30 132 11232 0
30 133 1074 0
30 134 13463 0
30 138 4428 0
30 139 8699 0
30 142 3960 0
30 143 11298 0
30 146 10139 0
30 147 6015 0
30 149 4897 0
31 34 8648 0
31 35 8785 0
31 36 1355 0
31 37 7971 0
31 38 800 0
31 40 10115 0
31 42 4989 0
31 46 13212 0
31 51 6865 0
31 53 1801 0
31 54 6202 0
31 59 4944 0
31 60 11732 0
31 61 6331 0
31 62 12603 0
31 64 16557 0
31 66 10034 0
31 68 10563 0
31 71 3435 0
31 72 4988 0
31 79 1712 0
31 81 2641 0
31 85 14669 0
31 87 11332 0
31 88 11177 0
31 90 1447 0
31 92 2069 0
31 94 5196 0
31 96 15188 0
31 98 5972 0
31 100 13176 0
31 102 3255 0
31 104 13480 0
31 105 1313 0
31 107 9341 0
31 108 11805 0
31 109 12686 0
31 110 8620 0
31 112 1793 0
31 114 1811 0
31 116 2167 0
31 118 16484 0
31 122 531 0
31 125 15263 0
31 134 12696 0
31 135 5342 0
31 136 7394 0
31 137 5129 0
31 138 4321 0
31 141 4672 0
31 144 12724 0
31 148 7335 0
31 149 8904 0
32 34 3088 0
32 40 10193 0
32 43 9082 0
32 44 4167 0
32 45 13827 0
32 46 13678 0
32 47 7003 0
32 48 418 0
32 49 9428 0
32 50 7158 0
32 53 9830 0
32 55 16613 0
32 56 15000 0
32 60 4543 0
32 62 9898 0
32 64 4508 0
32 68 3423 0
32 71 8326 0
32 73 608 0
32 75 13828 0
32 76 11291 0
32 79 1020 0
32 80 878 0
32 81 11436 0
32 84 910 0
32 85 4571 0
32 87 5998 0
32 88 1365 0
32 89 6371 0
32 90 1953 0
32 92 4943 0
32 93 12262 0
32 96 8795 0
32 98 7715 0
32 99 1418 0
32 101 6007 0
32 105 705 0
32 106 11412 0
32 109 6522 0
32 110 13085 0
32 112 2986 0
32 114 14262 0
32 119 9529 0
32 120 8629 0
32 121 313 0
32 123 11537 0
32 124 9922 0
32 126 13960 0
32 128 5698 0
32 130 12094 0
32 131 9960 0
32 134 9546 0
32 135 8297 0
32 136 7978 0
32 137 5501 0
32 138 9146 0
32 140 9924 0
32 141 10740 0
32 142 11236 0
32 144 12707 0
32 147 12956 0
32 148 4289 0
33 36 2007 0
33 39 16111 0
33 41 1084 0
33 45 10882 0
33 46 4410 0
33 50 5652 0
33 53 12205 0
33 54 8802 0
33 56 8964 0
33 57 5790 0
33 59 14887 0
33 63 8418 0
33 64 8177 0
33 66 448 0
33 67 13473 0
33 68 9687 0
33 69 10398 0
33 71 4539 0
33 72 14497 0
33 74 1497 0
33 75 14034 0
33 76 12207 0
33 77 16263 0
33 78 9879 0
33 79 10143 0
33 80 10896 0
33 82 11694 0
33 84 10998 0
33 88 11829 0
33 89 10524 0
33 91 8076 0
33 92 10459 0
33 93 15774 0
33 96 9382 0
33 99 408 0
33 103 7599 0
33 104 391 0
33 105 10327 0
33 106 1070 0
33 109 14151 0
33 110 10433 0
33 111 914 0
33 112 7883 0
33 114 10726 0
33 115 13814 0
33 116 9800 0
33 119 14088 0
33 120 3868 0
33 121 11450 0
33 122 9268 0
33 124 11882 0
33 128 12979 0
33 135 13791 0
33 136 6325 0
33 137 16459 0
33 139 176 0
33 142 13580 0
33 143 4458 0
33 146 12636 0
33 147 6315 0
33 148 7409 0
33 149 14087 0
34 36 8636 0
34 37 12811 0
34 39 9191 0
34 41 764 0
34 43 8099 0
34 45 9592 0
34 46 8342 0
34 49 6860 0
34 50 7281 0
34 51 2901 0
34 53 7260 0
34 58 2583 0
34 60 14414 0
34 64 4914 0
34 65 12658 0
34 67 13941 0
34 72 9090 0
34 73 15440 0
34 75 9714 0
34 76 3314 0
34 80 13911 0
34 84 13892 0
34 85 13962 0
34 89 8318 0
34 92 6853 0
34 94 753 0
34 96 8791 0
34 97 5804 0
34 99 4912 0
34 101 14916 0
34 102 13562 0
34 105 7330 0
34 108 13072 0
34 109 14878 0
34 110 994 0
34 111 10520 0
34 112 10945 0
34 113 5894 0
34 116 395 0
34 119 11160 0
34 121 7400 0
34 122 13201 0
34 125 8582 0
34 126 10623 0
34 127 8728 0
34 128 8043 0
34 129 10493 0
34 133 12835 0
34 134 2910 0
34 135 14934 0
34 138 130 0
34 139 10794 0
34 140 14397 0
34 142 1036 0
34 143 9826 0
34 148 14126 0
34 149 5357 0
35 36 5152 0
35 37 13255 0
35 38 102 0
35 39 9213 0
35 41 16389 0
35 42 4071 0
35 45 8340 0
35 46 6092 0
35 47 6721 0
35 50 13669 0
35 53 5798 0
35 54 922 0
35 55 13753 0
35 56 2509 0
35 57 8101 0
35 58 2768 0
35 59 8202 0
35 66 3557 0
35 67 14267 0
35 70 12626 0
35 76 2964 0
35 78 12354 0
35 80 16435 0
35 81 7235 0
35 82 2908 0
35 83 1570 0
35 85 14866 0
35 86 12266 0
35 87 11571 0
35 92 5042 0
35 93 1227 0
35 97 11463 0
35 99 459 0
35 101 7377 0
35 103 5101 0
35 104 2604 0
35 105 2297 0
35 108 8844 0
35 109 8661 0
35 110 2033 0
35 112 1916 0
35 115 7899 0
35 116 4386 0
35 117 9232 0
35 118 15458 0
35 120 13035 0
35 122 3451 0
35 124 6040 0
35 125 15727 0
35 130 11655 0
35 134 15041 0
35 135 5685 0
35 136 2490 0
35 137 2334 0
35 138 841 0
35 139 7842 0
35 140 1667 0
35 143 14716 0
35 145 4075 0
35 149 271 0
36 38 11207 0
36 39 16445 0
36 40 6351 0
36 42 11887 0
36 43 3061 0
36 45 3660 0
36 46 12209 0
36 47 8700 0
36 48 9997 0
36 50 15318 0
36 55 83 0
36 57 1416 0
36 59 4605 0
36 61 13005 0
36 64 14231 0
36 65 1184 0
36 66 6741 0
36 67 15509 0
36 70 9502 0
36 73 438 0
36 78 9227 0
36 80 13648 0
36 85 1675 0
36 88 5760 0
36 91 3488 0
36 93 13937 0
36 96 726 0
36 97 388 0
36 99 7992 0
36 100 16563 0
36 102 16014 0
36 104 3278 0
36 105 9028 0
36 107 6448 0
36 108 12370 0
36 110 13228 0
36 112 4226 0
36 113 8581 0
36 115 663 0
36 116 15683 0
36 121 9599 0
36 122 13102 0
36 127 16257 0
36 130 13750 0
36 132 6166 0
36 136 12485 0
36 140 2696 0
36 141 3675 0
36 143 14445 0
36 148 1387 0
36 149 7387 0
37 39 6946 0
37 40 1388 0
37 41 7663 0
37 43 10974 0
37 47 4918 0
37 48 13178 0
37 50 4640 0
37 52 3279 0
37 54 13001 0
37 55 1888 0
37 56 9459 0
37 57 6906 0
37 59 15114 0
37 67 15284 0
37 68 869 0
37 70 277 0
37 74 11507 0
37 75 15664 0
37 76 2726 0
37 84 7529 0
37 89 11480 0
37 90 5869 0
37 91 6892 0
37 92 1076 0
37 94 1019 0
37 95 14120 0
37 97 5004 0
37 98 3983 0
37 105 6426 0
37 107 8433 0
37 112 15494 0
37 114 15045 0
37 116 9266 0
37 117 8718 0
37 119 15646 0
37 121 10089 0
37 122 15807 0
37 125 16506 0
37 126 14741 0
37 127 11109 0
37 128 8547 0
37 129 12705 0
37 131 1662 0
37 133 6055 0
37 135 11939 0
37 137 11979 0
37 138 4236 0
37 139 10665 0
37 141 1172 0
37 142 5862 0
37 143 5354 0
37 144 6355 0
37 145 12433 0
37 147 4646 0
37 149 11877 0
38 43 5326 0
38 44 2505 0
38 45 9647 0
38 48 11868 0
38 49 13974 0
38 51 6029 0
38 52 3333 0
38 55 12996 0
38 57 14563 0
38 59 13666 0
38 61 9883 0
38 64 13921 0
38 65 11940 0
38 68 1791 0
38 70 5363 0
38 72 591 0
38 73 3588 0
38 75 2101 0
38 80 3069 0
38 83 5748 0
38 86 7421 0
38 87 14086 0
38 88 4003 0
38 91 3180 0
38 93 9463 0
38 94 8401 0
38 98 5664 0
38 99 3797 0
38 109 8559 0
38 112 1033 0
38 113 6413 0
38 115 5491 0
38 118 4636 0
38 120 15940 0
38 122 3829 0
38 125 2912 0
38 126 10435 0
38 127 7754 0
38 129 9458 0
38 133 13995 0
38 135 6174 0
38 137 4027 0
38 139 7862 0
38 141 3928 0
38 144 7429 0
38 145 1820 0
38 148 10903 0
38 149 11550 0
39 42 16424 0
39 43 6417 0
39 45 3430 0
39 46 7758 0
39 51 7620 0
39 53 16623 0
39 55 8063 0
39 58 13039 0
39 59 2008 0
39 63 15371 0
39 65 13516 0
39 68 13806 0
39 69 4498 0
39 70 3173 0
39 71 15103 0
39 73 5548 0
39 75 14234 0
39 78 10107 0
39 79 13229 0
39 81 3072 0
39 82 1589 0
39 83 7129 0
39 86 15247 0
39 87 12284 0
39 90 91 0
39 94 5717 0
39 95 3469 0
39 96 3546 0
39 97 152 0
39 98 14850 0
39 100 5451 0
39 101 258 0
39 104 16057 0
39 105 16239 0
39 111 3985 0
39 113 7234 0
39 115 799 0
39 116 1217 0
39 117 10874 0
39 123 6301 0
39 125 5449 0
39 130 455 0
39 134 15424 0
39 135 7926 0
39 136 15355 0
39 137 7287 0
39 139 11861 0
39 141 14438 0
39 142 5661 0
39 143 2880 0
39 144 4699 0
39 148 14853 0
39 149 2563 0
40 41 4809 0
40 42 1404 0
40 43 3923 0
40 45 12581 0
40 49 6619 0
40 50 4279 0
40 53 13129 0
40 58 12732 0
40 59 15151 0
40 60 12698 0
40 61 12710 0
40 64 9538 0
40 66 3337 0
40 67 3165 0
40 68 15378 0
40 70 10598 0
40 71 2510 0
40 72 1402 0
40 74 8048 0
40 75 5197 0
40 76 3953 0
40 77 385 0
40 79 10656 0
40 80 13388 0
40 83 9248 0
40 84 12086 0
40 87 7865 0
40 88 10638 0
40 90 10273 0
40 91 10847 0
40 94 3345 0
40 97 14030 0
40 98 13976 0
40 100 2436 0
40 105 7636 0
40 107 15316 0
40 108 5302 0
40 112 8366 0
40 113 3760 0
40 118 3065 0
40 119 7962 0
40 123 10910 0
40 128 5400 0
40 132 1200 0
40 133 14675 0
40 134 8995 0
40 135 4381 0
40 141 15058 0
40 143 10248 0
40 145 10864 0
40 146 14879 0
41 45 11525 0
41 46 7106 0
41 52 5016 0
41 54 16467 0
41 58 15624 0
41 59 13378 0
41 61 9686 0
41 63 16365 0
41 64 13311 0
41 67 7145 0
41 68 6473 0
41 70 12934 0
41 72 2017 0
41 74 11007 0
41 75 12783 0
41 76 9360 0
41 77 9383 0
41 78 4905 0
41 79 5123 0
41 81 5274 0
41 83 510 0
41 84 16087 0
41 85 13071 0
41 87 5024 0
41 88 13933 0
41 96 14712 0
41 99 7516 0
41 101 9650 0
41 102 4142 0
41 105 1731 0
41 107 11164 0
41 108 3103 0
41 111 3375 0
41 113 6720 0
41 118 15948 0
41 119 7891 0
41 123 14350 0
41 124 11019 0
41 130 13956 0
41 131 11849 0
41 134 1487 0
41 136 9654 0
41 144 3294 0
41 146 10004 0
41 147 2212 0
41 148 10025 0
41 149 3704 0
42 43 8743 0
42 45 8521 0
42 50 1028 0
42 51 5563 0
42 54 8695 0
42 55 2072 0
42 57 1281 0
42 58 11532 0
42 60 8778 0
42 61 2769 0
42 62 9420 0
42 65 12170 0
42 66 14608 0
42 67 5700 0
42 68 8991 0
42 69 16503 0
42 70 16262 0
42 71 4176 0
42 72 6382 0
42 73 11060 0
42 74 12782 0
42 75 1406 0
42 76 15602 0
42 77 3501 0
42 78 12685 0
42 79 3412 0
42 83 9567 0
42 84 11437 0
42 87 16624 0
42 89 11841 0
42 91 9675 0
42 92 7386 0
42 95 14754 0
42 96 11130 0
42 97 8849 0
42 98 3565 0
42 99 4629 0
42 100 8562 0
42 103 5252 0
42 104 9427 0
42 106 12762 0
42 108 13581 0
42 111 5028 0
42 112 9077 0
42 113 2189 0
42 114 15047 0
42 115 3297 0
42 116 15660 0
42 117 14986 0
42 119 6599 0
42 120 8976 0
42 121 8560 0
42 122 6958 0
42 124 7850 0
42 127 6836 0
42 129 5346 0
42 132 686 0
42 133 15402 0
42 135 1018 0
42 136 12618 0
42 137 14474 0
42 138 1514 0
42 141 14287 0
42 143 4983 0
42 144 7314 0
42 148 4431 0
42 149 13110 0
43 44 5368 0
43 45 6254 0
43 48 655 0
43 53 3265 0
43 54 7297 0
43 58 10449 0
43 64 3358 0
43 65 4807 0
43 66 6846 0
43 67 1954 0
43 73 3036 0
43 76 12719 0
43 77 15694 0
43 79 5629 0
43 80 14528 0
43 81 9380 0
43 82 5228 0
43 84 13478 0
43 86 13414 0
43 87 16578 0
43 89 12644 0
43 90 2729 0
43 91 12007 0
43 92 16025 0
43 94 9258 0
43 95 2879 0
43 97 4012 0
43 100 1405 0
43 101 12378 0
43 102 9483 0
43 104 3214 0
43 107 11405 0
43 111 16391 0
43 114 3884 0
43 116 1225 0
43 119 7547 0
43 120 9006 0
43 121 6957 0
43 123 14398 0
43 125 13990 0
43 127 475 0
43 129 1214 0
43 130 6953 0
43 132 14816 0
43 133 4955 0
43 134 13136 0
43 138 5061 0
43 139 5146 0
43 141 13792 0
43 142 6643 0
43 143 9099 0
43 144 8664 0
43 146 13246 0
43 147 13586 0
44 47 38 0
44 48 7884 0
44 49 6022 0
44 50 13701 0
44 51 16106 0
44 55 2814 0
44 58 9526 0
44 59 14937 0
44 60 3639 0
44 61 11342 0
44 63 9618 0
44 64 12341 0
44 65 9680 0
44 70 13115 0
44 71 10146 0
44 72 13833 0
44 74 13437 0
44 75 3932 0
44 77 13029 0
44 81 633 0
44 82 6828 0
44 83 646 0
44 87 12310 0
44 88 13038 0
44 91 2336 0
44 92 12195 0
44 95 12757 0
44 100 12595 0
44 101 4346 0
44 104 4653 0
44 106 11125 0
44 108 502 0
44 112 1215 0
44 114 13460 0
44 115 6112 0
44 118 14111 0
44 121 16178 0
44 122 13218 0
44 123 11922 0
44 124 6124 0
44 128 8089 0
44 129 8033 0
44 130 2917 0
44 131 12569 0
44 132 14772 0
44 137 6633 0
44 139 6420 0
44 141 4478 0
44 142 14279 0
44 143 11900 0
44 145 6149 0
44 149 16296 0
45 46 5531 0
45 48 13180 0
45 49 13738 0
45 50 8677 0
45 52 12738 0
45 53 909 0
45 54 15913 0
45 57 6231 0
45 58 6560 0
45 59 2039 0
45 61 11950 0
45 63 1113 0
45 64 5637 0
45 67 6921 0
45 70 4476 0
45 72 1328 0
45 74 3126 0
45 75 15947 0
45 76 1251 0
45 77 15280 0
45 78 12256 0
45 80 5948 0
45 82 15748 0
45 83 1114 0
45 84 3161 0
45 85 9311 0
45 86 8670 0
45 88 6147 0
45 89 14370 0
45 90 15998 0
45 92 10010 0
45 93 14480 0
45 94 12106 0
45 96 15581 0
45 97 5062 0
45 100 12319 0
45 102 14701 0
45 103 1125 0
45 105 2124 0
45 107 1699 0
45 109 14352 0
45 112 10024 0
45 113 15347 0
45 115 8539 0
45 116 11892 0
45 117 587 0
45 121 12199 0
45 122 8175 0
45 123 9158 0
45 129 13326 0
45 130 478 0
45 131 11300 0
45 132 2386 0
45 135 11531 0
45 136 436 0
45 139 13660 0
45 140 15626 0
45 141 8893 0
45 143 6307 0
45 145 13065 0
45 146 12895 0
45 148 6498 0
45 149 8149 0
46 47 10846 0
46 48 3146 0
46 50 14101 0
46 53 54 0
46 56 7953 0
46 58 8312 0
46 59 9935 0
46 60 8279 0
46 64 2369 0
46 66 2199 0
46 68 14419 0
46 71 8107 0
46 74 7262 0
46 75 4977 0
46 76 12653 0
46 78 10147 0
46 83 9399 0
46 85 109 0
46 86 163 0
46 91 9605 0
46 92 11779 0
46 94 15451 0
46 95 3525 0
46 96 4398 0
46 97 10871 0
46 98 8247 0
46 102 2049 0
46 104 12083 0
46 105 12221 0
46 106 15597 0
46 107 13739 0
46 108 2804 0
46 111 11092 0
46 112 3472 0
46 115 9042 0
46 117 10967 0
46 119 3398 0
46 120 8356 0
46 122 3818 0
46 126 9849 0
46 127 457 0
46 129 5884 0
46 130 12407 0
46 131 14093 0
46 132 14740 0
46 135 11099 0
46 136 6103 0
46 139 15129 0
46 140 8234 0
46 141 6611 0
46 142 8348 0
46 144 16398 0
46 146 5986 0
46 149 1930 0
47 49 2697 0
47 53 13279 0
47 54 3269 0
47 58 3989 0
47 60 14244 0
47 64 5924 0
47 66 16659 0
47 74 16648 0
47 77 11056 0
47 80 8014 0
47 81 8766 0
47 83 9700 0
47 87 10932 0
47 89 15704 0
47 91 16108 0
47 93 8605 0
47 94 4040 0
47 95 2657 0
47 96 6021 0
47 97 16555 0
47 103 15236 0
47 106 12709 0
47 108 5999 0
47 109 13774 0
47 112 732 0
47 113 3491 0
47 119 11672 0
47 121 3449 0
47 123 10603 0
47 124 9439 0
47 131 7072 0
47 132 7773 0
47 133 1450 0
47 135 12637 0
47 138 10997 0
47 145 13293 0
47 146 4234 0
47 147 11615 0
48 49 9376 0
48 50 13194 0
48 54 9408 0
48 55 15731 0
48 58 4387 0
48 59 13022 0
48 62 1206 0
48 63 6196 0
48 67 14719 0
48 70 2647 0
48 71 7298 0
48 72 4834 0
48 73 10912 0
48 74 2117 0
48 76 13953 0
48 80 1609 0
48 82 11150 0
48 83 1051 0
48 85 9414 0
48 92 10415 0
48 93 4002 0
48 94 14867 0
48 95 2265 0
48 97 488 0
48 103 3247 0
48 108 10272 0
48 111 479 0
48 114 12687 0
48 118 5188 0
48 120 2041 0
48 121 12765 0
48 122 10131 0
48 124 8599 0
48 125 5892 0
48 126 14718 0
48 127 2149 0
48 128 14624 0
48 131 11918 0
48 134 9484 0
48 137 5592 0
48 138 15659 0
48 145 5557 0
48 146 2184 0
49 50 14797 0
49 51 3558 0
49 52 12294 0
49 53 9416 0
49 55 7831 0
49 58 2480 0
49 61 7794 0
49 62 11566 0
49 65 15005 0
49 66 13611 0
49 68 6747 0
49 70 11856 0
49 72 9771 0
49 73 10064 0
49 75 3882 0
49 76 4528 0
49 79 7589 0
49 82 12397 0
49 83 16581 0
49 87 11306 0
49 88 4400 0
49 89 2962 0
49 93 5889 0
49 94 14409 0
49 97 3135 0
49 98 13890 0
49 101 15754 0
49 102 615 0
49 105 4448 0
49 106 11161 0
49 107 14442 0
49 108 451 0
49 110 16554 0
49 111 15814 0
49 113 9000 0
49 117 4111 0
49 123 16032 0
49 124 15333 0
49 127 245 0
49 131 1005 0
49 132 8870 0
49 134 7581 0
49 135 8196 0
49 136 7795 0
49 140 12029 0
49 145 7132 0
49 146 5692 0
49 149 6565 0
50 53 1602 0
50 54 10123 0
50 55 12411 0
50 56 4149 0
50 57 14170 0
50 59 6048 0
50 60 12162 0
50 64 4024 0
50 65 10017 0
50 66 14841 0
50 67 9419 0
50 68 16657 0
50 69 702 0
50 72 9464 0
50 76 2998 0
50 79 10271 0
50 80 6088 0
50 81 6409 0
50 84 12242 0
50 89 12108 0
50 91 13695 0
50 92 14536 0
50 94 8589 0
50 95 15359 0
50 96 9794 0
50 98 15225 0
50 100 352 0
50 101 15592 0
50 102 7750 0
50 103 1011 0
50 104 8110 0
50 106 13336 0
50 107 14221 0
50 108 6884 0
50 109 13829 0
50 110 10019 0
50 113 660 0
50 115 10534 0
50 116 7836 0
50 118 2714 0
50 120 7782 0
50 122 11242 0
50 124 12159 0
50 125 6639 0
50 126 13049 0
50 127 8799 0
50 128 11460 0
50 129 7461 0
50 130 1677 0
50 131 9498 0
50 132 15796 0
50 133 3339 0
50 135 3448 0
50 137 8696 0
50 139 4001 0
50 140 12269 0
50 141 14275 0
50 143 15466 0
50 144 8596 0
50 145 15999 0
50 146 12368 0
50 147 16090 0
50 149 15235 0
51 52 5145 0
51 54 2670 0
51 58 12197 0
51 61 1906 0
51 62 13778 0
51 64 14726 0
51 65 6014 0
51 66 3260 0
51 68 8499 0
51 69 10285 0
51 73 12899 0
51 76 6054 0
51 78 5396 0
51 82 12009 0
51 83 12385 0
51 85 6805 0
51 88 10546 0
51 91 1961 0
51 92 3481 0
51 93 6066 0
51 94 4598 0
51 95 9785 0
51 96 3698 0
51 98 10667 0
51 102 11700 0
51 103 14564 0
51 105 8024 0
51 109 12939 0
51 110 10817 0
51 113 4585 0
51 118 10908 0
51 123 10887 0
51 130 2856 0
51 135 4069 0
51 137 569 0
51 141 5773 0
51 142 161 0
51 143 15096 0
51 144 8838 0
51 145 11021 0
51 146 2180 0
51 147 991 0
52 53 9772 0
52 54 10917 0
52 56 15751 0
52 57 3581 0
52 63 15873 0
52 65 5723 0
52 67 12065 0
52 68 3935 0
52 69 5879 0
52 70 14881 0
52 72 11853 0
52 74 11843 0
52 75 11975 0
52 76 8187 0
52 78 4577 0
52 81 7954 0
52 84 7180 0
52 87 15772 0
52 88 8133 0
52 89 526 0
52 90 14913 0
52 92 5420 0
52 95 2981 0
52 97 13923 0
52 100 10976 0
52 104 13223 0
52 105 1781 0
52 111 15039 0
52 112 2708 0
52 116 16597 0
52 117 14521 0
52 120 6256 0
52 121 15649 0
52 122 13027 0
52 123 6074 0
52 125 6470 0
52 126 6966 0
52 127 2782 0
52 128 15125 0
52 129 11368 0
52 130 2548 0
52 133 4212 0
52 135 3014 0
52 138 4336 0
52 139 11489 0
52 145 13008 0
52 148 15323 0
52 149 711 0
53 56 12600 0
53 57 6996 0
53 58 11067 0
53 60 2953 0
53 61 8719 0
53 64 15905 0
53 66 9237 0
53 68 1494 0
53 69 11632 0
53 73 16432 0
53 74 11492 0
53 77 1630 0
53 80 4855 0
53 81 1160 0
53 82 7213 0
53 84 4469 0
53 86 2450 0
53 89 10626 0
53 90 6259 0
53 91 10619 0
53 92 16422 0
53 93 5278 0
53 99 292 0
53 100 15060 0
53 103 14299 0
53 105 10528 0
53 106 10354 0
53 107 817 0
53 112 7174 0
53 113 2957 0
53 114 12906 0
53 115 13649 0
53 117 12099 0
53 120 3991 0
53 122 9545 0
53 124 11488 0
53 125 13018 0
53 126 2794 0
53 127 7631 0
53 128 13226 0
53 130 7012 0
53 131 4250 0
53 132 7752 0
53 134 16591 0
53 136 4781 0
53 139 1374 0
53 142 14084 0
53 144 9056 0
53 145 16180 0
53 147 1360 0
54 55 16646 0
54 59 4666 0
54 62 3213 0
54 67 10601 0
54 73 2251 0
54 77 1337 0
54 78 15525 0
54 80 9126 0
54 82 3343 0
54 84 11262 0
54 86 6989 0
54 87 13198 0
54 89 2257 0
54 92 6627 0
54 93 11992 0
54 94 840 0
54 95 9961 0
54 96 15050 0
54 99 10893 0
54 100 12803 0
54 101 10180 0
54 105 11107 0
54 106 9491 0
54 110 12325 0
54 111 6939 0
54 113 9669 0
54 114 14072 0
54 115 7786 0
54 118 5351 0
54 119 5686 0
54 121 1958 0
54 122 1006 0
54 125 2036 0
54 130 1576 0
54 131 14974 0
54 133 7670 0
54 136 15013 0
54 138 9259 0
54 139 2465 0
54 140 10594 0
54 141 11703 0
54 142 13496 0
54 145 8550 0
54 146 9063 0
54 147 1660 0
54 148 11320 0
55 56 866 0
55 63 2399 0
55 67 10868 0
55 68 1969 0
55 71 6099 0
55 74 4841 0
55 75 8032 0
55 76 5688 0
55 78 641 0
55 85 13084 0
55 86 12887 0
55 87 9540 0
55 89 10749 0
55 90 217 0
55 93 929 0
55 95 11223 0
55 96 2472 0
55 97 642 0
55 101 2916 0
55 104 2846 0
55 105 12273 0
55 106 15190 0
55 108 10737 0
55 110 857 0
55 111 3598 0
55 115 8910 0
55 118 3156 0
55 123 5567 0
55 125 6337 0
55 126 6258 0
55 127 7491 0
55 128 5022 0
55 129 4655 0
55 130 6341 0
55 131 13810 0
55 136 13188 0
55 140 6362 0
55 141 6829 0
55 143 15027 0
55 144 11690 0
55 145 11802 0
55 147 12466 0
55 148 9045 0
56 60 9029 0
56 61 1344 0
56 62 10816 0
56 64 7768 0
56 66 8704 0
56 67 11789 0
56 68 5034 0
56 69 8168 0
56 70 7945 0
56 71 12488 0
56 77 10028 0
56 78 3461 0
56 79 5273 0
56 80 664 0
56 81 7494 0
56 86 11980 0
56 87 14794 0
56 90 6918 0
56 91 8881 0
56 92 7907 0
56 94 59 0
56 98 15757 0
56 99 12303 0
56 101 10197 0
56 102 5300 0
56 103 860 0
56 105 5314 0
56 106 12540 0
56 108 5014 0
56 111 15517 0
56 113 11417 0
56 115 347 0
56 116 2246 0
56 118 13546 0
56 119 2968 0
56 120 15625 0
56 121 8759 0
56 122 1784 0
56 123 12731 0
56 127 14831 0
56 128 13915 0
56 132 7316 0
56 135 8384 0
56 139 8953 0
56 141 4460 0
56 146 4100 0
56 148 9354 0
57 58 10547 0
57 60 3990 0
57 61 10755 0
57 62 3665 0
57 63 12793 0
57 65 5226 0
57 67 3999 0
57 70 1601 0
57 71 2815 0
57 72 6389 0
57 73 12500 0
57 74 2591 0
57 75 8580 0
57 80 12150 0
57 82 12875 0
57 83 14172 0
57 86 8831 0
57 87 11832 0
57 88 8203 0
57 89 7541 0
57 91 6002 0
57 95 16002 0
57 96 1302 0
57 102 9976 0
57 103 16271 0
57 106 5868 0
57 107 3425 0
57 109 14081 0
57 110 4797 0
57 115 12056 0
57 117 12062 0
57 119 8397 0
57 122 6324 0
57 125 360 0
57 126 9487 0
57 127 9315 0
57 128 15647 0
57 129 5955 0
57 130 10303 0
57 132 12743 0
57 135 14543 0
57 138 5263 0
57 141 16001 0
57 145 2313 0
57 147 15068 0
57 149 4921 0
58 59 8385 0
58 60 5325 0
58 64 4137 0
58 67 15471 0
58 71 7726 0
58 73 11397 0
58 74 3431 0
58 79 8413 0
58 80 5112 0
58 81 4617 0
58 82 8038 0
58 83 3112 0
58 84 9314 0
58 88 11816 0
58 90 14864 0
58 91 3897 0
58 96 4034 0
58 99 11620 0
58 101 12475 0
58 102 5835 0
58 104 11016 0
58 105 11279 0
58 108 13124 0
58 110 8405 0
58 111 10962 0
58 114 2723 0
58 115 103 0
58 116 6108 0
58 117 6898 0
58 118 1809 0
58 119 14706 0
58 120 8860 0
58 121 12564 0
58 123 2835 0
58 128 7047 0
58 130 9677 0
58 131 9112 0
58 132 7890 0
58 135 5481 0
58 136 10767 0
58 138 13708 0
58 141 2937 0
58 142 827 0
58 143 13511 0
58 145 6225 0
58 147 7655 0
58 148 13673 0
59 62 9744 0
59 63 15228 0
59 65 7999 0
59 66 5366 0
59 67 13935 0
59 68 7588 0
59 72 14435 0
59 73 14137 0
59 79 2330 0
59 81 562 0
59 83 13504 0
59 85 3683 0
59 86 16576 0
59 87 7536 0
59 88 1135 0
59 90 2186 0
59 91 873 0
59 93 7446 0
59 96 6419 0
59 97 15633 0
59 100 8839 0
59 102 12961 0
59 109 1417 0
59 110 12684 0
59 111 15488 0
59 112 5259 0
59 114 2219 0
59 119 15856 0
59 120 10677 0
59 123 1366 0
59 124 16022 0
59 126 2429 0
59 127 14133 0
59 128 3216 0
59 131 1999 0
59 134 13204 0
59 137 13964 0
59 138 5594 0
59 141 7408 0
59 144 3220 0
59 145 6165 0
59 146 8301 0
59 147 3195 0
59 148 9917 0
60 62 7964 0
60 63 12215 0
60 66 8878 0
60 67 13687 0
60 68 12771 0
60 69 15817 0
60 72 4316 0
60 74 11810 0
60 75 100 0
60 76 9608 0
60 77 10159 0
60 80 13986 0
60 87 11111 0
60 88 12421 0
60 89 1023 0
60 91 2602 0
60 93 15617 0
60 94 15524 0
60 97 11501 0
60 104 14964 0
60 105 3825 0
60 107 2895 0
60 108 10098 0
60 109 2756 0
60 110 12959 0
60 113 5858 0
60 115 465 0
60 118 14708 0
60 119 6542 0
60 121 10478 0
60 122 15587 0
60 123 4987 0
60 124 2105 0
60 125 9369 0
60 126 12878 0
60 127 3446 0
60 128 3742 0
60 135 4554 0
60 136 1083 0
60 139 14190 0
60 141 545 0
60 142 3106 0
60 143 6873 0
60 144 9620 0
60 148 9870 0
60 149 15797 0
61 62 15456 0
61 65 1545 0
61 68 238 0
61 71 2795 0
61 72 12497 0
61 78 14291 0
61 79 12019 0
61 80 14849 0
61 86 1109 0
61 87 12605 0
61 88 6265 0
61 91 1896 0
61 92 2359 0
61 93 7459 0
61 95 4641 0
61 96 12661 0
61 97 12898 0
61 98 814 0
61 99 4757 0
61 101 1528 0
61 103 175 0
61 105 1351 0
61 108 11683 0
61 109 2547 0
61 110 14665 0
61 112 12365 0
61 116 863 0
61 117 2774 0
61 118 3685 0
61 121 12886 0
61 127 11706 0
61 129 654 0
61 132 11833 0
61 136 13560 0
61 137 2776 0
61 139 2828 0
61 140 10778 0
61 144 11983 0
61 145 14688 0
61 146 10709 0
61 147 7081 0
61 148 8598 0
62 63 11256 0
62 64 12517 0
62 65 11090 0
62 66 6427 0
62 69 1934 0
62 70 962 0
62 72 2159 0
62 73 9444 0
62 74 12016 0
62 76 12082 0
62 81 7070 0
62 83 13117 0
62 87 5102 0
62 92 794 0
62 93 10920 0
62 94 8798 0
62 96 4614 0
62 97 7724 0
62 98 1097 0
62 99 9372 0
62 100 7821 0
62 103 10838 0
62 104 5526 0
62 105 12822 0
62 106 15307 0
62 107 10050 0
62 108 15662 0
62 110 13427 0
62 116 9588 0
62 121 8019 0
62 122 12377 0
62 129 6553 0
62 130 6489 0
62 133 1391 0
62 134 16042 0
62 135 11474 0
62 137 3679 0
62 138 15544 0
62 139 11373 0
62 140 5977 0
62 143 5556 0
62 144 5358 0
62 145 16104 0
62 146 6102 0
62 149 6352 0
63 70 12416 0
63 71 2232 0
63 72 11304 0
63 75 13796 0
63 76 11065 0
63 77 16513 0
63 79 5826 0
63 81 8460 0
63 84 7683 0
63 86 1665 0
63 87 14380 0
63 90 7694 0
63 91 11549 0
63 92 7161 0
63 93 13861 0
63 94 5990 0
63 96 12302 0
63 98 9564 0
63 100 15868 0
63 104 16145 0
63 105 8590 0
63 106 3766 0
63 107 9104 0
63 109 5005 0
63 112 7396 0
63 113 5050 0
63 114 10292 0
63 115 4876 0
63 118 491 0
63 119 11355 0
63 120 16109 0
63 121 2980 0
63 122 7759 0
63 123 5710 0
63 124 10761 0
63 125 586 0
63 126 8457 0
63 127 7366 0
63 129 13594 0
63 130 15298 0
63 135 10930 0
63 136 4061 0
63 138 7240 0
63 139 6390 0
63 141 12085 0
63 142 8010 0
63 144 16430 0
63 145 6503 0
64 68 15445 0
64 69 4627 0
64 70 4518 0
64 72 7534 0
64 73 923 0
64 75 2907 0
64 76 8545 0
64 80 13704 0
64 81 10884 0
64 86 9624 0
64 88 12589 0
64 89 14900 0
64 93 12792 0
64 97 5225 0
64 99 1554 0
64 100 10169 0
64 102 8980 0
64 104 1353 0
64 105 16008 0
64 106 16574 0
64 108 2380 0
64 111 5423 0
64 114 1499 0
64 118 8166 0
64 119 12566 0
64 120 14668 0
64 130 15996 0
64 131 1320 0
64 132 2658 0
64 135 8008 0
64 136 15156 0
64 137 6220 0
64 138 6085 0
64 139 1745 0
64 140 6603 0
64 142 8643 0
64 144 5170 0
64 145 2710 0
64 147 11391 0
65 66 4569 0
65 67 13922 0
65 70 15185 0
65 73 14171 0
65 75 10562 0
65 79 12203 0
65 80 16052 0
65 82 1073 0
65 83 10037 0
65 85 123 0
65 87 5322 0
65 89 14276 0
65 90 7481 0
65 91 8398 0
65 92 2534 0
65 93 11113 0
65 97 14542 0
65 98 8898 0
65 100 2121 0
65 101 7111 0
65 102 4812 0
65 105 4162 0
65 106 5113 0
65 111 7818 0
65 112 10878 0
65 115 369 0
65 117 2118 0
65 119 9894 0
65 121 7452 0
65 122 5893 0
65 127 9328 0
65 130 9721 0
65 133 8412 0
65 134 12557 0
65 135 15875 0
65 136 13249 0
65 137 973 0
65 139 10090 0
65 140 933 0
65 141 3487 0
65 143 5905 0
65 147 4200 0
65 149 14790 0
66 67 3147 0
66 69 16376 0
66 70 3671 0
66 71 5838 0
66 73 8992 0
66 74 13278 0
66 79 6460 0
66 80 3625 0
66 82 14950 0
66 83 10262 0
66 86 9952 0
66 90 12356 0
66 91 8006 0
66 92 13053 0
66 94 11166 0
66 97 743 0
66 99 3506 0
66 102 2127 0
66 107 1111 0
66 108 7345 0
66 109 13381 0
66 110 14548 0
66 111 4434 0
66 114 12285 0
66 117 4840 0
66 118 12233 0
66 119 3593 0
66 122 16604 0
66 124 2842 0
66 126 15941 0
66 129 5361 0
66 130 2141 0
66 131 5399 0
66 137 15291 0
66 142 15636 0
66 143 9147 0
66 147 65 0
66 148 1869 0
67 68 3957 0
67 75 3908 0
67 76 6625 0
67 82 7324 0
67 83 5902 0
67 84 11945 0
67 87 14638 0
67 88 14189 0
67 89 13918 0
67 92 1027 0
67 93 16369 0
67 97 5840 0
67 100 2010 0
67 102 8227 0
67 103 3522 0
67 109 12027 0
67 111 14039 0
67 114 15822 0
67 116 4667 0
67 117 5985 0
67 123 12980 0
67 127 13896 0
67 128 12524 0
67 129 1857 0
67 130 16512 0
67 131 6130 0
67 134 7697 0
67 135 9411 0
67 136 10475 0
67 139 13849 0
67 140 4603 0
67 144 252 0
67 149 11410 0
68 70 11592 0
68 71 5657 0
68 74 1834 0
68 76 16082 0
68 79 9239 0
68 80 3682 0
68 81 11346 0
68 82 10046 0
68 83 15224 0
68 86 5165 0
68 87 13584 0
68 88 9362 0
68 90 12101 0
68 97 16375 0
68 99 5656 0
68 100 10636 0
68 102 5059 0
68 103 11185 0
68 104 14673 0
68 106 8809 0
68 110 9329 0
68 111 7894 0
68 112 10832 0
68 113 5975 0
68 116 11035 0
68 117 4637 0
68 118 13305 0
68 120 7770 0
68 121 15016 0
68 122 14843 0
68 127 15516 0
68 128 3237 0
68 129 15934 0
68 130 7873 0
68 133 2990 0
68 134 9966 0
68 135 14204 0
68 136 2630 0
68 137 13449 0
68 138 7221 0
68 141 8857 0
68 142 5509 0
68 143 9531 0
68 144 13528 0
68 147 15140 0
68 149 6317 0
69 73 5777 0
69 78 15007 0
69 79 8184 0
69 81 6110 0
69 88 2470 0
69 89 11461 0
69 90 6963 0
69 92 13751 0
69 93 14049 0
69 94 16188 0
69 96 12320 0
69 97 5340 0
69 99 7524 0
69 101 346 0
69 102 11973 0
69 103 944 0
69 105 2027 0
69 106 7619 0
69 107 5914 0
69 109 9007 0
69 110 11548 0
69 112 15275 0
69 114 10570 0
69 120 12022 0
69 121 16423 0
69 122 3129 0
69 123 12398 0
69 125 6993 0
69 127 12432 0
69 128 2620 0
69 130 13590 0
69 132 14353 0
69 136 14967 0
69 139 16355 0
69 141 12560 0
69 144 15957 0
69 145 7696 0
69 148 12726 0
69 149 2304 0
70 72 3926 0
70 73 5435 0
70 75 2713 0
70 76 2836 0
70 78 12417 0
70 80 6730 0
70 81 11889 0
70 83 4441 0
70 84 16652 0
70 85 5848 0
70 86 15080 0
70 87 5248 0
70 90 4693 0
70 93 224 0
70 95 10081 0
70 97 14356 0
70 101 2362 0
70 104 4076 0
70 105 3975 0
70 106 3769 0
70 108 11493 0
70 110 4517 0
70 112 6864 0
70 115 15077 0
70 116 16354 0
70 119 2552 0
70 122 1386 0
70 125 7814 0
70 127 14682 0
70 128 15867 0
70 130 14337 0
70 134 47 0
70 135 1779 0
70 136 2637 0
70 137 15022 0
70 139 12181 0
70 141 3197 0
70 142 12867 0
70 143 5231 0
70 144 16372 0
71 72 3123 0
71 74 13497 0
71 76 2322 0
71 78 13758 0
71 79 3351 0
71 88 13459 0
71 97 16132 0
71 98 6365 0
71 99 7340 0
71 100 6492 0
71 104 14209 0
71 107 10151 0
71 110 7525 0
71 111 6481 0
71 113 13735 0
71 115 5439 0
71 117 13079 0
71 118 6818 0
71 120 4325 0
71 121 5888 0
71 123 6863 0
71 125 6752 0
71 126 2498 0
71 128 12291 0
71 131 16395 0
71 132 2501 0
71 133 13186 0
71 134 13862 0
71 138 1211 0
71 140 1064 0
71 142 9639 0
71 143 7407 0
71 144 8012 0
72 73 5706 0
72 74 12673 0
72 77 15952 0
72 79 6216 0
72 81 6981 0
72 82 5525 0
72 84 13637 0
72 85 4633 0
72 86 9361 0
72 91 7604 0
72 93 5502 0
72 94 12845 0
72 95 3862 0
72 102 10953 0
72 103 14025 0
72 104 8180 0
72 105 15951 0
72 106 5375 0
72 107 9107 0
72 108 1616 0
72 110 13640 0
72 111 13055 0
72 112 16337 0
72 113 13151 0
72 114 263 0
72 115 6342 0
72 116 5409 0
72 118 4268 0
72 120 6659 0
72 121 1038 0
72 122 7288 0
72 126 7879 0
72 128 9712 0
72 129 13128 0
72 136 1286 0
72 142 12992 0
72 144 2706 0
72 146 16198 0
72 147 4720 0
72 148 442 0
72 149 21 0
73 74 14006 0
73 78 7526 0
73 79 5013 0
73 81 12012 0
73 82 3804 0
73 83 2432 0
73 84 8996 0
73 88 7282 0
73 90 6810 0
73 93 11820 0
73 94 14206 0
73 96 15721 0
73 97 6583 0
73 98 4503 0
73 99 16229 0
73 100 16086 0
73 101 7178 0
73 102 1669 0
73 104 10801 0
73 105 16335 0
73 106 5581 0
73 107 7936 0
73 111 8494 0
73 114 7861 0
73 115 14216 0
73 117 10097 0
73 118 9931 0
73 119 7828 0
73 120 5623 0
73 121 5055 0
73 122 7354 0
73 123 16501 0
73 125 11569 0
73 127 13087 0
73 134 2053 0
73 135 3167 0
73 138 6350 0
73 139 12831 0
73 140 13366 0
73 141 11593 0
73 143 3534 0
73 144 15029 0
73 145 5741 0
73 148 5550 0
73 149 11866 0
74 75 2150 0
74 78 13866 0
74 80 16036 0
74 81 15222 0
74 82 2203 0
74 84 1729 0
74 87 3222 0
74 88 8439 0
74 89 2857 0
74 95 2011 0
74 96 718 0
74 98 3636 0
74 100 6464 0
74 102 11769 0
74 107 3089 0
74 111 4462 0
74 112 8895 0
74 113 13999 0
74 115 688 0
74 118 4172 0
74 120 13952 0
74 121 1317 0
74 122 12995 0
74 123 7952 0
74 125 11210 0
74 127 4195 0
74 130 2156 0
74 135 3502 0
74 137 2748 0
74 143 13805 0
74 144 11665 0
74 147 14378 0
74 148 15728 0
74 149 6242 0
75 76 8316 0
75 80 11280 0
75 83 5421 0
75 84 9337 0
75 86 5124 0
75 92 3645 0
75 93 4385 0
75 94 1347 0
75 96 14883 0
75 97 15713 0
75 98 2615 0
75 104 13231 0
75 106 8069 0
75 107 15345 0
75 111 5281 0
75 112 8534 0
75 114 15147 0
75 115 15212 0
75 116 447 0
75 118 12574 0
75 119 12049 0
75 126 6487 0
75 130 15780 0
75 133 3561 0
75 137 11608 0
75 139 12482 0
75 140 7666 0
75 141 7195 0
75 143 1967 0
75 145 3073 0
75 147 10936 0
75 148 3275 0
76 78 13295 0
76 80 9152 0
76 81 4248 0
76 83 11552 0
76 84 7083 0
76 88 4557 0
76 89 9742 0
76 93 756 0
76 94 10153 0
76 95 3883 0
76 96 1638 0
76 97 10363 0
76 102 11993 0
76 103 3324 0
76 104 343 0
76 109 8497 0
76 111 15535 0
76 112 634 0
76 113 8683 0
76 116 15117 0
76 118 16034 0
76 122 9523 0
76 123 15604 0
76 125 4053 0
76 126 6717 0
76 129 15394 0
76 130 5815 0
76 131 5417 0
76 132 13302 0
76 136 5787 0
76 137 7717 0
76 138 4444 0
76 140 11141 0
76 143 10014 0
76 144 15030 0
76 145 2813 0
76 148 14250 0
76 149 8039 0
77 78 10613 0
77 83 11522 0
77 85 7819 0
77 86 13878 0
77 88 5684 0
77 89 15208 0
77 90 5974 0
77 91 5272 0
77 98 4296 0
77 99 16416 0
77 101 249 0
77 106 15351 0
77 107 4550 0
77 108 2738 0
77 110 3442 0
77 114 8121 0
77 122 15109 0
77 125 11340 0
77 126 7322 0
77 128 10413 0
77 132 62 0
77 136 15538 0
77 138 9834 0
77 140 4491 0
77 144 8238 0
77 147 576 0
77 148 16237 0
78 82 2291 0
78 85 12278 0
78 90 3067 0
78 93 5921 0
78 98 12470 0
78 104 2314 0
78 107 6414 0
78 110 4133 0
78 112 14958 0
78 113 11564 0
78 115 2107 0
78 117 9501 0
78 120 1190 0
78 124 16599 0
78 127 7188 0
78 129 14874 0
78 130 16433 0
78 131 1319 0
78 135 6194 0
78 140 864 0
78 142 13782 0
78 145 7376 0
78 147 1134 0
78 149 10182 0
79 80 12499 0
79 81 15522 0
79 83 7472 0
79 84 8597 0
79 85 13925 0
79 86 7692 0
79 88 10582 0
79 89 9075 0
79 92 560 0
79 93 623 0
79 94 2873 0
79 95 9310 0
79 96 10899 0
79 97 1095 0
79 99 5956 0
79 100 11579 0
79 102 3794 0
79 103 3443 0
79 104 13097 0
79 107 9356 0
79 110 6771 0
79 111 2163 0
79 113 4355 0
79 114 286 0
79 115 155 0
79 120 7410 0
79 125 6640 0
79 127 3680 0
79 132 10548 0
79 133 1970 0
79 134 5617 0
79 136 12357 0
79 138 14128 0
79 140 6544 0
79 141 13593 0
79 142 16661 0
79 143 14897 0
79 145 6881 0
79 147 2301 0
79 149 4210 0
80 81 13245 0
80 84 1941 0
80 86 14466 0
80 87 12283 0
80 89 12396 0
80 90 14959 0
80 92 13786 0
80 99 4103 0
80 101 2725 0
80 102 11380 0
80 105 7227 0
80 108 2897 0
80 111 11518 0
80 114 12910 0
80 116 7817 0
80 118 5041 0
80 119 15657 0
80 125 11546 0
80 126 1754 0
80 127 4525 0
80 128 9581 0
80 129 12478 0
80 132 13527 0
80 133 5753 0
80 136 431 0
80 139 294 0
80 144 15854 0
80 145 13984 0
80 146 7593 0
80 147 2524 0
81 84 15572 0
81 86 9587 0
81 87 4530 0
81 88 4293 0
81 89 5199 0
81 91 6496 0
81 92 16235 0
81 94 335 0
81 96 11678 0
81 99 7693 0
81 100 3673 0
81 101 8787 0
81 102 4782 0
81 105 13554 0
81 106 15545 0
81 108 7711 0
81 109 6514 0
81 112 2603 0
81 116 2833 0
81 118 10430 0
81 119 6076 0
81 120 4055 0
81 121 7667 0
81 122 931 0
81 123 16382 0
81 124 15852 0
81 126 1766 0
81 127 6555 0
81 128 3315 0
81 129 14011 0
81 132 15770 0
81 136 11798 0
81 138 1382 0
81 141 4220 0
81 142 15232 0
81 146 12330 0
81 148 6962 0
82 84 16635 0
82 85 3846 0
82 88 10487 0
82 89 12004 0
82 91 3231 0
82 93 15629 0
82 96 9291 0
82 98 5978 0
82 102 13092 0
82 103 7079 0
82 104 16603 0
82 105 10905 0
82 108 3340 0
82 110 4852 0
82 111 7691 0
82 112 3149 0
82 114 2506 0
82 115 9555 0
82 117 15739 0
82 118 4867 0
82 122 7833 0
82 123 14643 0
82 124 12280 0
82 126 16060 0
82 127 6804 0
82 128 5593 0
82 129 5066 0
82 130 11168 0
82 131 13430 0
82 135 8858 0
82 136 11290 0
82 137 8832 0
82 138 13081 0
82 142 15795 0
82 143 3641 0
82 144 5959 0
82 145 15845 0
82 147 15942 0
82 149 112 0
83 85 4993 0
83 86 10724 0
83 87 2264 0
83 88 549 0
83 89 1103 0
83 90 2579 0
83 91 10867 0
83 94 7930 0
83 96 10304 0
83 99 13583 0
83 100 3364 0
83 101 8912 0
83 105 15056 0
83 109 5504 0
83 110 3416 0
83 112 7998 0
83 113 115 0
83 114 11457 0
83 117 8428 0
83 118 1415 0
83 119 4427 0
83 121 12123 0
83 122 2851 0
83 125 9763 0
83 126 5572 0
83 127 15504 0
83 128 8104 0
83 130 14001 0
83 133 278 0
83 136 4074 0
83 142 7597 0
83 143 8710 0
83 144 6897 0
84 86 8303 0
84 87 5721 0
84 88 14098 0
84 90 4877 0
84 92 1831 0
84 94 555 0
84 99 11059 0
84 100 2971 0
84 103 11003 0
84 104 7183 0
84 105 12023 0
84 107 10673 0
84 110 7301 0
84 111 10140 0
84 112 14909 0
84 114 9726 0
84 121 3176 0
84 122 11669 0
84 123 10342 0
84 124 6669 0
84 127 10682 0
84 128 13182 0
84 129 4684 0
84 130 14580 0
84 131 7624 0
84 133 1963 0
84 134 13969 0
84 136 10697 0
84 137 8158 0
84 139 14745 0
84 142 13169 0
84 143 2712 0
84 146 14573 0
84 147 2538 0
84 149 12942 0
85 87 10683 0
85 91 14601 0
85 92 11361 0
85 93 10852 0
85 94 12443 0
85 97 13920 0
85 99 5680 0
85 100 2645 0
85 101 9965 0
85 105 11269 0
85 106 15589 0
85 109 3160 0
85 110 6760 0
85 111 7372 0
85 112 4488 0
85 113 2277 0
85 114 6596 0
85 115 15476 0
85 117 6211 0
85 131 4456 0
85 132 196 0
85 135 4452 0
85 140 12880 0
85 141 3541 0
85 142 1099 0
85 143 14377 0
85 145 13761 0
85 146 6975 0
85 147 4181 0
86 87 5405 0
86 89 14281 0
86 92 2839 0
86 94 10550 0
86 95 3984 0
86 98 12978 0
86 100 1471 0
86 101 10269 0
86 105 6924 0
86 106 10750 0
86 107 4433 0
86 109 10465 0
86 110 4008 0
86 113 14043 0
86 114 5612 0
86 115 15313 0
86 116 14514 0
86 118 3941 0
86 119 1628 0
86 120 10073 0
86 121 2707 0
86 124 3621 0
86 126 10009 0
86 127 6455 0
86 128 1264 0
86 129 7806 0
86 130 15057 0
86 134 15627 0
86 136 1600 0
86 137 2488 0
86 140 11133 0
86 142 14239 0
86 143 8269 0
86 146 14511 0
86 149 4295 0
87 88 3198 0
87 91 10466 0
87 92 6610 0
87 95 4930 0
87 96 1527 0
87 105 15652 0
87 106 15262 0
87 108 946 0
87 110 13838 0
87 111 8431 0
87 114 8943 0
87 118 3399 0
87 120 10681 0
87 124 11738 0
87 126 3361 0
87 129 8290 0
87 130 2295 0
87 131 7122 0
87 132 10042 0
87 133 7977 0
87 135 6451 0
87 136 11600 0
87 138 1839 0
87 142 2678 0
87 146 5598 0
88 89 3406 0
88 92 4952 0
88 93 9175 0
88 94 10617 0
88 95 3699 0
88 96 14326 0
88 97 4839 0
88 98 15695 0
88 101 6239 0
88 103 11276 0
88 107 5844 0
88 112 12374 0
88 116 14005 0
88 120 15490 0
88 122 4116 0
88 123 9051 0
88 124 647 0
88 125 10 0
88 127 2228 0
88 128 1491 0
88 136 2383 0
88 138 5495 0
88 141 2002 0
88 143 13283 0
88 145 12028 0
88 146 1517 0
88 148 7258 0
88 149 11387 0
89 90 15450 0
89 91 7839 0
89 92 10155 0
89 96 4435 0
89 97 6271 0
89 99 12344 0
89 105 8181 0
89 106 8855 0
89 108 14041 0
89 109 11468 0
89 110 5683 0
89 112 8950 0
89 119 1522 0
89 120 9932 0
89 125 2933 0
89 126 174 0
89 127 8760 0
89 128 11541 0
89 129 7403 0
89 131 5833 0
89 132 15870 0
89 133 15152 0
89 136 7204 0
89 137 150 0
89 139 2024 0
89 144 2497 0
89 147 7982 0
89 148 1619 0
90 94 5385 0
90 95 4461 0
90 98 6098 0
90 103 3582 0
90 106 14616 0
90 107 11375 0
90 108 1110 0
90 109 7648 0
90 110 5615 0
90 112 1862 0
90 116 9316 0
90 117 1155 0
90 118 563 0
90 119 12246 0
90 121 14902 0
90 122 2123 0
90 123 10684 0
90 124 14320 0
90 126 592 0
90 128 14148 0
90 129 15200 0
90 131 15113 0
90 137 14826 0
90 138 5132 0
90 139 13191 0
90 144 9166 0
90 145 14736 0
91 93 9947 0
91 95 232 0
91 98 976 0
91 99 1757 0
91 101 4247 0
91 102 1118 0
91 107 5660 0
91 108 12740 0
91 109 12174 0
91 112 9496 0
91 113 8549 0
91 116 9363 0
91 119 10695 0
91 120 13683 0
91 121 3415 0
91 126 11074 0
91 129 5807 0
91 131 10557 0
91 132 11718 0
91 134 16174 0
91 136 6574 0
91 137 1666 0
91 138 12 0
91 140 3042 0
91 141 13179 0
91 144 13264 0
91 145 3858 0
91 146 4273 0
91 147 3795 0
91 149 992 0
92 93 15390 0
92 94 5926 0
92 95 1998 0
92 96 9597 0
92 98 16403 0
92 102 2147 0
92 104 13060 0
92 105 9479 0
92 106 2958 0
92 112 15965 0
92 113 16415 0
92 114 16612 0
92 115 4789 0
92 121 1652 0
92 125 10038 0
92 127 9683 0
92 128 416 0
92 129 8501 0
92 131 13602 0
92 133 16176 0
92 134 197 0
92 135 13684 0
92 137 2808 0
92 138 12067 0
92 140 363 0
92 142 2523 0
92 143 1465 0
92 146 9811 0
93 95 2299 0
93 96 15481 0
93 97 15101 0
93 99 6950 0
93 101 8281 0
93 102 5392 0
93 107 9787 0
93 108 4129 0
93 111 15722 0
93 112 3270 0
93 114 6932 0
93 115 1553 0
93 117 8164 0
93 121 7128 0
93 122 15319 0
93 123 4948 0
93 127 15575 0
93 130 5045 0
93 132 6046 0
93 135 4941 0
93 136 15470 0
93 140 13095 0
93 142 12558 0
93 143 6519 0
93 144 10621 0
93 145 16634 0
93 147 15392 0
93 149 11915 0
94 95 6016 0
94 103 7778 0
94 107 14391 0
94 111 4084 0
94 113 1625 0
94 114 8852 0
94 115 15830 0
94 117 777 0
94 118 15693 0
94 119 7737 0
94 120 13153 0
94 121 63 0
94 122 9559 0
94 123 6381 0
94 124 14158 0
94 126 6699 0
94 128 9916 0
94 129 7352 0
94 136 15566 0
94 138 138 0
94 141 12077 0
94 142 1202 0
94 146 15289 0
94 149 7337 0
95 96 8986 0
95 98 16664 0
95 99 16584 0
95 100 15341 0
95 102 11573 0
95 103 12130 0
95 106 9210 0
95 108 5513 0
95 110 8847 0
95 112 498 0
95 114 924 0
95 115 9774 0
95 117 9539 0
95 119 679 0
95 121 1392 0
95 123 16615 0
95 124 2116 0
95 125 8031 0
95 129 14129 0
95 130 8861 0
95 131 12541 0
95 134 11707 0
95 137 11628 0
95 138 16384 0
95 142 8402 0
95 145 5098 0
95 148 11722 0
95 149 11114 0
96 102 14653 0
96 104 4475 0
96 106 885 0
96 108 7444 0
96 113 10379 0
96 115 12816 0
96 119 4394 0
96 121 16092 0
96 123 458 0
96 125 10348 0
96 126 3060 0
96 130 13173 0
96 131 6484 0
96 132 9318 0
96 133 12931 0
96 135 10537 0
96 140 12754 0
96 142 3523 0
96 145 7190 0
97 103 2414 0
97 104 8671 0
97 109 14822 0
97 112 3526 0
97 113 1761 0
97 114 13942 0
97 115 1017 0
97 116 6745 0
97 118 11902 0
97 122 16305 0
97 123 1519 0
97 124 10566 0
97 125 16248 0
97 127 12646 0
97 128 601 0
97 129 12228 0
97 130 3405 0
97 139 12690 0
97 145 9005 0
97 146 3792 0
97 149 4139 0
98 100 12010 0
98 101 13772 0
98 103 11500 0
98 105 15598 0
98 106 413 0
98 108 15079 0
98 110 3702 0
98 111 773 0
98 115 12968 0
98 118 11446 0
98 122 13208 0
98 124 9153 0
98 128 3810 0
98 132 146 0
98 133 13183 0
98 134 11139 0
98 136 319 0
98 138 5738 0
98 139 1189 0
98 141 1510 0
98 142 6114 0
98 143 13410 0
98 144 8891 0
98 147 2757 0
98 148 9049 0
98 149 4492 0
99 102 11875 0
99 106 40 0
99 108 15671 0
99 109 1871 0
99 110 14142 0
99 111 8962 0
99 115 12796 0
99 116 8982 0
99 118 9375 0
99 120 6405 0
99 121 4022 0
99 122 10096 0
99 123 9494 0
99 124 10371 0
99 125 6200 0
99 126 8975 0
99 133 14360 0
99 134 4618 0
99 135 8649 0
99 137 15943 0
99 139 7333 0
99 140 1348 0
99 143 15606 0
99 144 14364 0
99 145 15718 0
99 147 12921 0
99 148 16268 0
100 103 9566 0
100 104 4580 0
100 105 6303 0
100 106 11652 0
100 109 5962 0
100 111 714 0
100 112 14362 0
100 113 424 0
100 116 11497 0
100 121 2854 0
100 122 9073 0
100 123 2278 0
100 124 1004 0
100 125 7339 0
100 126 9110 0
100 127 3300 0
100 130 723 0
100 132 14236 0
100 134 5762 0
100 135 12465 0
100 136 11305 0
100 138 6184 0
100 140 12127 0
100 145 2452 0
100 146 4739 0
100 148 5744 0
100 149 14545 0
101 102 12868 0
101 103 10380 0
101 104 4683 0
101 107 8250 0
101 109 6766 0
101 110 11776 0
101 112 12290 0
101 114 13335 0
101 115 6976 0
101 116 16225 0
101 119 3643 0
101 120 6590 0
101 122 13431 0
101 125 8251 0
101 126 796 0
101 127 4516 0
101 128 638 0
101 129 3158 0
101 130 16468 0
101 131 10977 0
101 132 8920 0
101 134 7940 0
101 135 6312 0
101 136 2130 0
101 137 5373 0
101 138 119 0
101 140 3924 0
101 141 4945 0
101 143 5008 0
101 146 631 0
101 149 1911 0
102 107 4814 0
102 108 8344 0
102 110 16184 0
102 111 9777 0
102 112 2178 0
102 113 16154 0
102 114 7708 0
102 120 11840 0
102 122 11577 0
102 124 5610 0
102 125 12730 0
102 126 4541 0
102 127 10125 0
102 129 2173 0
102 130 110 0
102 133 16039 0
102 136 517 0
102 137 6547 0
102 138 1513 0
102 140 1136 0
102 141 13906 0
102 144 435 0
102 146 5477 0
102 148 14130 0
102 149 4146 0
103 104 303 0
103 105 5006 0
103 106 693 0
103 107 9055 0
103 109 15885 0
103 110 15339 0
103 112 14357 0
103 114 2473 0
103 116 7442 0
103 117 4349 0
103 118 5473 0
103 119 10194 0
103 120 11154 0
103 121 12767 0
103 123 13692 0
103 124 12069 0
103 126 3370 0
103 128 14031 0
103 131 15897 0
103 132 8608 0
103 134 15150 0
103 135 6947 0
103 139 2037 0
103 141 7917 0
103 143 13996 0
103 144 2028 0
103 145 14134 0
104 105 1559 0
104 107 383 0
104 108 9544 0
104 111 15301 0
104 114 3344 0
104 117 14928 0
104 118 3016 0
104 120 143 0
104 122 3391 0
104 123 16541 0
104 124 10659 0
104 126 16408 0
104 127 3203 0
104 130 11782 0
104 132 7951 0
104 133 4345 0
104 135 16425 0
104 136 3789 0
104 138 10782 0
104 139 9060 0
104 141 13357 0
104 142 6507 0
104 143 4356 0
104 144 7935 0
104 145 11293 0
104 146 6172 0
104 148 8833 0
105 106 337 0
105 107 4479 0
105 109 8814 0
105 110 13309 0
105 112 6558 0
105 113 3420 0
105 114 14112 0
105 115 9572 0
105 117 13541 0
105 120 13442 0
105 127 1556 0
105 128 5333 0
105 129 14524 0
105 131 901 0
105 132 13200 0
105 136 4409 0
105 137 10643 0
105 139 7476 0
105 140 15267 0
105 143 1518 0
105 144 12070 0
105 145 12592 0
105 146 8471 0
105 148 4792 0
106 108 11581 0
106 110 11631 0
106 111 2679 0
106 113 11429 0
106 114 1401 0
106 115 6531 0
106 118 5484 0
106 119 10938 0
106 120 11394 0
106 124 6218 0
106 126 11354 0
106 128 11621 0
106 129 1323 0
106 130 5117 0
106 133 3458 0
106 136 6272 0
106 138 11142 0
106 139 11120 0
106 141 2512 0
106 143 6434 0
106 146 396 0
106 147 16608 0
107 108 9611 0
107 114 14421 0
107 115 5825 0
107 117 12038 0
107 118 14260 0
107 121 15362 0
107 123 2195 0
107 124 3564 0
107 125 16118 0
107 127 2720 0
107 128 8171 0
107 130 12337 0
107 131 4875 0
107 132 1765 0
107 134 4267 0
107 135 14806 0
107 136 5474 0
107 137 4687 0
107 138 12563 0
107 139 397 0
107 140 12100 0
107 145 3700 0
107 146 16566 0
107 148 12667 0
108 109 1501 0
108 110 15123 0
108 112 12755 0
108 114 15670 0
108 118 4484 0
108 119 7963 0
108 124 1375 0
108 126 1565 0
108 128 9074 0
108 133 8289 0
108 137 8139 0
108 138 10417 0
108 139 3761 0
108 143 12479 0
108 145 7766 0
108 149 2617 0
109 110 13453 0
109 112 16387 0
109 114 16224 0
109 115 6128 0
109 119 9825 0
109 120 15139 0
109 122 6728 0
109 123 12896 0
109 124 2823 0
109 127 6164 0
109 128 3493 0
109 129 13713 0
109 132 12329 0
109 133 3009 0
109 135 10913 0
109 136 7338 0
109 142 12142 0
109 143 7518 0
109 145 3812 0
109 146 9205 0
109 148 2876 0
110 112 13438 0
110 113 477 0
110 116 6526 0
110 117 7919 0
110 119 4163 0
110 123 12764 0
110 124 3929 0
110 133 5191 0
110 136 14625 0
110 137 7568 0
110 141 11422 0
110 142 10629 0
110 146 10978 0
110 148 968 0
110 149 10821 0
111 112 2598 0
111 115 14515 0
111 118 15767 0
111 120 5164 0
111 122 4982 0
111 123 2093 0
111 126 1412 0
111 127 12633 0
111 128 9579 0
111 129 8455 0
111 130 3035 0
111 133 11933 0
111 135 14329 0
111 138 1229 0
111 141 8112 0
111 145 1876 0
111 147 11911 0
111 148 11982 0
111 149 3823 0
112 113 7811 0
112 115 7218 0
112 120 8235 0
112 122 7966 0
112 124 16187 0
112 125 13265 0
112 126 539 0
112 129 8182 0
112 130 11243 0
112 133 1536 0
112 134 7901 0
112 136 429 0
112 137 6594 0
112 139 12607 0
112 140 4217 0
112 142 4214 0
112 144 8868 0
112 145 15946 0
112 147 10516 0
112 149 9869 0
113 114 4340 0
113 115 14013 0
113 117 15422 0
113 119 7603 0
113 120 16333 0
113 122 16127 0
113 123 3803 0
113 128 9735 0
113 129 5441 0
113 132 6100 0
113 133 12836 0
113 136 2516 0
113 137 4902 0
113 139 441 0
113 140 9129 0
113 142 15061 0
113 143 12943 0
113 144 7147 0
113 145 16504 0
113 147 10406 0
114 116 13981 0
114 118 12598 0
114 120 7438 0
114 121 9185 0
114 122 12190 0
114 123 729 0
114 124 8009 0
114 128 8442 0
114 129 10471 0
114 132 15561 0
114 133 13239 0
114 134 16593 0
114 137 12777 0
114 138 3124 0
114 139 5120 0
114 141 7318 0
114 145 3880 0
114 148 6208 0
115 116 12744 0
115 117 16124 0
115 118 8126 0
115 120 11826 0
115 121 5334 0
115 124 2249 0
115 125 1899 0
115 127 8040 0
115 128 16322 0
115 129 506 0
115 130 15920 0
115 133 15860 0
115 134 7419 0
115 135 8072 0
115 138 15743 0
115 140 5521 0
115 141 10467 0
115 142 5757 0
115 143 12695 0
115 145 11376 0
115 147 1329 0
115 148 1117 0
115 149 3500 0
116 120 15531 0
116 121 16289 0
116 122 10885 0
116 123 5891 0
116 124 5498 0
116 125 3332 0
116 128 782 0
116 130 4302 0
116 133 5268 0
116 134 1285 0
116 135 14402 0
116 137 9022 0
116 138 9694 0
116 141 5111 0
116 143 3497 0
116 144 13149 0
116 145 5674 0
116 147 5701 0
117 118 7344 0
117 119 5483 0
117 120 16165 0
117 123 15380 0
117 125 9417 0
117 127 15726 0
117 129 11964 0
117 130 2568 0
117 131 6820 0
117 134 2787 0
117 135 2946 0
117 140 16350 0
117 144 3746 0
117 146 14525 0
117 147 13281 0
118 119 7600 0
118 122 2372 0
118 125 3666 0
118 126 15824 0
118 129 7351 0
118 130 7514 0
118 132 13019 0
118 133 12871 0
118 134 3965 0
118 137 9440 0
118 138 15297 0
118 140 10572 0
118 142 12982 0
118 145 15423 0
118 147 4730 0
118 148 13949 0
119 120 6222 0
119 121 3018 0
119 123 7540 0
119 124 14830 0
119 125 4350 0
119 126 12510 0
119 128 15492 0
119 131 6776 0
119 134 2483 0
119 135 746 0
119 136 2852 0
119 137 9340 0
119 140 13002 0
119 141 4929 0
119 143 11619 0
119 146 10029 0
119 148 7898 0
119 149 9990 0
120 121 12072 0
120 126 10630 0
120 129 401 0
120 130 1577 0
120 131 12890 0
120 132 8645 0
120 133 9125 0
120 136 13877 0
120 137 2797 0
120 140 8083 0
120 145 13070 0
120 147 4164 0
120 148 11392 0
121 122 12515 0
121 123 5320 0
121 128 14193 0
121 131 2171 0
121 133 10109 0
121 134 4225 0
121 135 12967 0
121 136 13868 0
121 139 189 0
121 140 12617 0
121 144 15244 0
121 145 4685 0
121 146 16594 0
121 149 4038 0
122 123 10021 0
122 124 14728 0
122 126 7041 0
122 128 15444 0
122 130 8137 0
122 131 12509 0
122 132 10863 0
122 133 3305 0
122 134 6979 0
122 138 13685 0
122 139 11287 0
122 141 4184 0
122 142 10588 0
122 143 5983 0
122 144 13469 0
122 145 13728 0
122 146 1167 0
122 147 7199 0
122 148 16547 0
122 149 473 0
123 126 2390 0
123 128 2289 0
123 132 10606 0
123 135 16313 0
123 139 15910 0
123 140 1442 0
123 141 2014 0
123 142 5936 0
123 146 5859 0
123 148 3627 0
124 126 8302 0
124 127 14517 0
124 128 5410 0
124 130 407 0
124 132 5107 0
124 134 6252 0
124 135 13112 0
124 136 5591 0
124 137 8226 0
124 138 12843 0
124 139 14742 0
124 140 1350 0
124 143 9858 0
124 144 10045 0
124 146 4457 0
124 147 9486 0
124 148 945 0
125 126 8249 0
125 127 15929 0
125 130 10712 0
125 131 9862 0
125 132 10113 0
125 134 12000 0
125 138 2824 0
125 139 16226 0
125 141 5806 0
125 144 80 0
125 148 5580 0
125 149 9974 0
126 128 7686 0
126 129 8283 0
126 131 6748 0
126 134 15382 0
126 136 1639 0
126 138 13909 0
126 140 5030 0
126 141 2662 0
126 142 12182 0
126 144 3178 0
126 146 3787 0
127 129 11162 0
127 130 5130 0
127 133 14074 0
127 134 9855 0
127 135 7687 0
127 141 2323 0
127 143 3485 0
127 144 552 0
127 145 5500 0
127 146 1949 0
127 147 6744 0
127 148 16509 0
128 135 16000 0
128 140 8873 0
128 143 904 0
128 144 12946 0
128 145 8730 0
128 146 2704 0
128 147 4978 0
129 130 3907 0
129 132 5537 0
129 134 14057 0
129 135 6356 0
129 137 8223 0
129 141 13582 0
129 143 5697 0
129 145 12908 0
129 146 4254 0
129 147 12061 0
129 148 15249 0
129 149 16128 0
130 132 10022 0
130 134 9235 0
130 135 639 0
130 136 2589 0
130 137 12818 0
130 138 12708 0
130 139 1502 0
130 140 13993 0
130 141 10317 0
130 142 533 0
130 143 5490 0
130 145 961 0
131 132 6418 0
131 133 15010 0
131 135 9429 0
131 137 12682 0
131 139 12453 0
131 141 5935 0
131 142 1826 0
131 144 15771 0
131 145 9638 0
131 146 2018 0
131 147 13276 0
131 149 2715 0
132 134 9207 0
132 135 16488 0
132 140 7571 0
132 142 12947 0
132 148 5885 0
132 149 11326 0
133 137 6592 0
133 144 8027 0
133 145 13515 0
133 147 614 0
133 148 15569 0
133 149 15059 0
134 135 14073 0
134 136 11634 0
134 138 6045 0
134 140 11273 0
134 141 14060 0
134 142 612 0
134 144 6593 0
134 149 14136 0
135 138 5282 0
135 139 15632 0
135 140 8947 0
135 141 15418 0
135 142 15698 0
135 146 13619 0
135 148 4331 0
136 139 2632 0
136 140 15651 0
136 143 1400 0
136 145 8887 0
136 146 14674 0
136 149 12935 0
137 139 6490 0
137 141 9475 0
137 142 1887 0
137 143 1165 0
137 144 11955 0
137 145 15752 0
137 148 3 0
137 149 15272 0
138 141 8613 0
138 142 11462 0
138 143 6251 0
138 144 1618 0
138 147 14613 0
138 149 625 0
139 141 3473 0
139 142 9272 0
139 143 10078 0
139 146 14038 0
139 149 9821 0
140 142 11519 0
140 143 8811 0
140 144 4589 0
140 147 15888 0
140 148 10672 0
141 142 11169 0
141 144 15956 0
142 146 10633 0
142 148 2097 0
142 149 9374 0
143 144 10510 0
143 145 16477 0
143 147 10940 0
143 148 16336 0
143 149 6743 0
144 145 1411 0
144 146 977 0
145 146 3981 0
145 147 11086 0
145 149 744 0
146 149 10616 0
