0 1 799 0
0 2 718 0
0 3 625 0
0 4 1059 0
0 5 539 0
0 6 1361 0
0 7 839 0
0 8 508 0
0 9 789 0
0 10 1066 0
0 11 546 0
0 12 1124 0
0 13 1041 0
0 14 1331 0
0 15 1169 0
0 16 1777 0
0 17 1091 0
0 18 1446 0
0 24 223 0
0 28 1553 0
0 29 824 0
0 30 1065 0
0 31 1411 0
0 32 522 0
0 35 1726 0
0 36 709 0
0 37 154 0
0 39 922 0
0 40 1292 0
0 41 1580 0
0 44 361 0
0 45 1034 0
0 47 1068 0
1 5 277 0
1 7 1251 0
1 11 557 0
1 12 166 0
1 14 1188 0
1 17 1086 0
1 20 1240 0
1 22 1017 0
1 23 1467 0
1 24 844 0
1 25 1219 0
1 26 1781 0
1 27 1332 0
1 28 549 0
1 32 965 0
1 33 146 0
1 34 1528 0
1 36 840 0
1 37 1457 0
1 39 1789 0
1 40 394 0
1 41 225 0
1 42 484 0
1 46 1442 0
1 47 1804 0
1 49 1624 0
2 4 1449 0
2 5 1533 0
2 7 519 0
2 11 118 0
2 12 1536 0
2 13 1214 0
2 18 1401 0
2 19 561 0
2 20 26 0
2 21 1425 0
2 23 801 0
2 25 616 0
2 26 1386 0
2 30 1178 0
2 31 1568 0
2 32 497 0
2 34 441 0
2 38 1323 0
2 44 78 0
2 45 1591 0
2 48 447 0
2 49 1373 0
3 7 1075 0
3 8 309 0
3 10 1035 0
3 12 249 0
3 16 213 0
3 17 1468 0
3 18 1841 0
3 19 802 0
3 20 898 0
3 21 1515 0
3 23 1054 0
3 24 900 0
3 26 1413 0
3 28 382 0
3 33 1526 0
3 34 1226 0
3 35 27 0
3 36 804 0
3 37 861 0
3 40 170 0
3 42 269 0
3 43 1115 0
3 46 1501 0
3 47 550 0
3 49 1069 0
4 5 1504 0
4 6 4 0
4 10 668 0
4 11 697 0
4 15 1350 0
4 18 1750 0
4 21 1406 0
4 24 632 0
4 26 800 0
4 27 35 0
4 32 1772 0
4 33 1767 0
4 35 288 0
4 36 15 0
4 39 6 0
4 40 1707 0
4 41 65 0
4 42 1026 0
4 44 1314 0
4 45 760 0
4 46 516 0
5 11 378 0
5 13 228 0
5 16 1326 0
5 17 755 0
5 18 1208 0
5 20 713 0
5 21 608 0
5 22 1508 0
5 23 55 0
5 25 1820 0
5 26 1265 0
5 27 1384 0
5 28 601 0
5 31 1823 0
5 32 431 0
5 35 1516 0
5 38 798 0
5 39 342 0
5 40 1404 0
5 43 316 0
5 47 1374 0
6 19 326 0
6 21 1706 0
6 24 1462 0
6 28 1774 0
6 29 1754 0
6 30 1171 0
6 31 925 0
6 33 1656 0
6 34 1004 0
6 35 207 0
6 36 639 0
6 37 1728 0
6 38 1600 0
6 40 660 0
6 45 1714 0
6 46 1478 0
6 49 110 0
7 11 323 0
7 12 291 0
7 14 629 0
7 16 1184 0
7 17 1604 0
7 20 1455 0
7 24 1318 0
7 28 384 0
7 31 1664 0
7 34 1436 0
7 36 70 0
7 38 775 0
7 39 643 0
7 40 1435 0
7 42 822 0
7 44 558 0
7 45 736 0
7 48 464 0
7 49 1235 0
8 9 1047 0
8 12 1227 0
8 13 1575 0
8 15 590 0
8 16 1785 0
8 19 693 0
8 24 1005 0
8 25 436 0
8 26 915 0
8 27 1447 0
8 28 1204 0
8 32 935 0
8 33 1686 0
8 34 733 0
8 39 491 0
8 42 199 0
8 43 909 0
8 44 1778 0
8 46 1316 0
8 48 1417 0
9 10 1608 0
9 11 29 0
9 16 10 0
9 17 1792 0
9 19 667 0
9 23 1631 0
9 32 1559 0
9 34 203 0
9 37 504 0
9 39 1461 0
9 42 1621 0
9 45 1783 0
9 46 764 0
9 48 200 0
10 11 1465 0
10 12 1503 0
10 13 1182 0
10 14 628 0
10 15 1168 0
10 19 1794 0
10 20 683 0
10 24 1756 0
10 27 101 0
10 31 1249 0
10 32 1827 0
10 33 1013 0
10 35 1213 0
10 37 1647 0
10 38 1712 0
10 39 1648 0
10 41 1610 0
10 42 1170 0
10 45 1579 0
10 47 1482 0
10 48 1523 0
10 49 975 0
11 15 894 0
11 17 1653 0
11 19 1132 0
11 21 1175 0
11 22 1530 0
11 23 947 0
11 25 907 0
11 26 1433 0
11 27 498 0
11 29 1412 0
11 30 860 0
11 32 87 0
11 34 1300 0
11 35 1360 0
11 36 164 0
11 39 779 0
11 40 1126 0
11 42 1387 0
11 43 1849 0
11 44 1731 0
11 45 416 0
11 47 1821 0
11 49 815 0
12 13 1298 0
12 14 769 0
12 15 1514 0
12 16 1335 0
12 17 1349 0
12 21 215 0
12 24 1089 0
12 25 666 0
12 26 1661 0
12 27 266 0
12 31 165 0
12 32 981 0
12 33 24 0
12 34 1206 0
12 36 272 0
12 40 630 0
12 42 1101 0
12 43 460 0
12 46 1552 0
12 47 12 0
13 15 1247 0
13 18 1159 0
13 19 1598 0
13 20 928 0
13 21 964 0
13 22 88 0
13 23 941 0
13 24 1635 0
13 26 1334 0
13 27 528 0
13 29 1673 0
13 30 658 0
13 31 1242 0
13 32 125 0
13 34 1538 0
13 37 479 0
13 39 570 0
13 40 1771 0
13 46 848 0
13 48 1787 0
14 15 442 0
14 19 1201 0
14 20 1232 0
14 21 58 0
14 23 182 0
14 24 564 0
14 25 1649 0
14 26 984 0
14 28 1210 0
14 29 969 0
14 32 882 0
14 33 1459 0
14 37 47 0
14 38 827 0
14 40 602 0
14 45 952 0
14 46 1513 0
15 17 831 0
15 18 1305 0
15 19 886 0
15 20 330 0
15 22 1741 0
15 25 868 0
15 26 863 0
15 29 1751 0
15 31 1202 0
15 32 304 0
15 34 1724 0
15 38 368 0
15 39 1062 0
15 41 626 0
15 42 1388 0
15 43 104 0
15 45 577 0
15 46 1507 0
15 47 676 0
16 17 32 0
16 19 380 0
16 21 295 0
16 26 746 0
16 27 859 0
16 28 59 0
16 29 994 0
16 32 895 0
16 33 682 0
16 36 1269 0
16 37 927 0
16 38 1394 0
16 43 11 0
16 44 1130 0
16 48 646 0
17 21 1155 0
17 22 290 0
17 23 1564 0
17 27 450 0
17 28 970 0
17 29 1310 0
17 30 1809 0
17 31 19 0
17 32 407 0
17 33 1048 0
17 35 1245 0
17 36 574 0
17 38 1375 0
17 41 22 0
17 42 1452 0
17 43 76 0
17 44 413 0
17 46 1037 0
17 48 180 0
17 49 737 0
18 20 1064 0
18 22 766 0
18 23 1817 0
18 25 999 0
18 27 980 0
18 28 892 0
18 34 317 0
18 38 1190 0
18 39 153 0
18 40 1439 0
18 41 723 0
18 43 748 0
18 44 1828 0
18 45 1668 0
18 46 1192 0
18 47 470 0
18 48 622 0
18 49 466 0
19 24 312 0
19 26 354 0
19 28 456 0
19 29 1612 0
19 30 1837 0
19 32 202 0
19 33 531 0
19 34 599 0
19 35 1495 0
19 36 418 0
19 38 147 0
19 39 1179 0
19 40 653 0
19 44 174 0
20 23 91 0
20 25 38 0
20 26 283 0
20 29 465 0
20 31 1456 0
20 32 936 0
20 33 1063 0
20 34 1472 0
20 36 1681 0
20 37 1691 0
20 38 812 0
20 39 833 0
20 40 1029 0
20 42 901 0
20 43 376 0
20 44 1263 0
20 45 1572 0
20 46 1542 0
20 49 451 0
21 22 1328 0
21 23 1663 0
21 24 133 0
21 27 1549 0
21 29 421 0
21 30 1506 0
21 32 767 0
21 38 604 0
21 40 1301 0
21 43 1832 0
21 45 1289 0
22 23 17 0
22 26 929 0
22 27 324 0
22 28 390 0
22 29 113 0
22 32 864 0
22 34 1481 0
22 35 139 0
22 36 503 0
22 37 187 0
22 39 1544 0
22 41 1157 0
22 42 348 0
22 46 1051 0
22 49 1689 0
23 24 1288 0
23 25 334 0
23 27 385 0
23 28 1183 0
23 30 807 0
23 31 1165 0
23 32 1150 0
23 33 1800 0
23 34 1108 0
23 37 1543 0
23 39 1594 0
23 41 405 0
24 25 1641 0
24 27 1400 0
24 28 63 0
24 29 1128 0
24 30 458 0
24 31 1791 0
24 33 1008 0
24 34 1012 0
24 36 1562 0
24 42 724 0
24 43 389 0
24 44 714 0
24 45 543 0
24 47 897 0
24 49 1682 0
25 27 232 0
25 29 581 0
25 38 968 0
25 41 638 0
25 44 710 0
25 47 1117 0
25 48 1324 0
25 49 757 0
26 27 1629 0
26 28 151 0
26 29 1236 0
26 30 94 0
26 34 54 0
26 35 751 0
26 36 1103 0
26 39 64 0
26 40 657 0
26 41 951 0
26 42 1517 0
26 46 690 0
26 47 39 0
26 49 201 0
27 28 875 0
27 29 553 0
27 30 347 0
27 33 1032 0
27 34 136 0
27 36 44 0
27 41 1729 0
28 32 274 0
28 37 876 0
28 39 1697 0
28 42 595 0
28 43 1779 0
28 44 588 0
28 48 218 0
29 30 302 0
29 31 1258 0
29 34 1015 0
29 36 247 0
29 40 1766 0
29 41 1491 0
29 42 73 0
29 44 140 0
30 37 109 0
30 38 1140 0
30 39 155 0
30 40 1116 0
30 42 1561 0
30 45 1127 0
30 47 1484 0
31 32 1138 0
31 33 1320 0
31 34 1225 0
31 36 198 0
31 39 16 0
31 41 36 0
31 43 1125 0
31 46 793 0
31 49 585 0
32 35 1395 0
32 36 1252 0
32 37 142 0
32 38 538 0
32 39 1405 0
32 40 74 0
32 41 838 0
32 42 446 0
32 43 754 0
32 45 1814 0
32 47 1290 0
33 35 1164 0
33 36 315 0
33 43 489 0
33 44 426 0
33 45 1009 0
33 46 114 0
33 47 95 0
33 48 1498 0
34 35 1 0
34 36 1002 0
34 39 80 0
34 41 515 0
34 42 300 0
34 44 1193 0
34 45 85 0
34 48 1693 0
35 38 942 0
35 42 618 0
35 46 408 0
35 47 189 0
35 48 765 0
35 49 986 0
36 37 1502 0
36 38 675 0
36 41 1746 0
36 42 119 0
36 43 771 0
36 44 1084 0
36 46 449 0
37 41 752 0
37 42 1696 0
37 44 1141 0
37 46 1261 0
37 47 1592 0
37 49 719 0
38 40 954 0
38 44 1256 0
38 45 1675 0
38 47 1701 0
38 48 1019 0
38 49 1760 0
39 41 459 0
39 45 9 0
39 48 318 0
40 41 624 0
40 42 721 0
40 43 168 0
40 45 387 0
40 47 983 0
40 48 1283 0
40 49 938 0
41 43 1519 0
41 44 1408 0
41 46 1163 0
41 48 1685 0
42 43 360 0
42 44 191 0
42 47 1560 0
43 46 858 0
43 47 177 0
43 48 576 0
44 48 319 0
44 49 641 0
45 46 1379 0
45 47 645 0
46 47 1667 0
46 49 1046 0
47 48 1212 0
48 49 889 0
