0 1 171 0
0 2 426 0
0 3 48 0
0 5 94 0
0 6 745 0
0 8 76 0
0 12 237 0
0 16 380 0
0 18 455 0
0 20 870 0
0 22 768 0
0 25 700 0
0 26 43 0
0 27 562 0
0 28 318 0
0 32 93 0
0 33 526 0
1 3 146 0
1 4 239 0
1 5 326 0
1 6 878 0
1 10 625 0
1 11 769 0
1 16 854 0
1 17 665 0
1 22 565 0
1 23 757 0
1 24 279 0
1 29 181 0
1 30 477 0
1 32 732 0
2 4 875 0
2 11 512 0
2 12 51 0
2 16 461 0
2 20 599 0
2 21 356 0
2 22 400 0
2 23 265 0
2 26 85 0
2 29 264 0
2 31 281 0
2 32 403 0
2 33 778 0
2 34 758 0
3 7 772 0
3 8 754 0
3 13 874 0
3 16 705 0
3 17 80 0
3 23 369 0
3 27 872 0
3 31 838 0
3 32 82 0
3 34 142 0
4 5 144 0
4 8 418 0
4 13 609 0
4 15 613 0
4 16 752 0
4 17 145 0
4 19 167 0
4 20 633 0
4 22 658 0
4 23 201 0
4 24 885 0
4 26 151 0
4 27 242 0
4 28 193 0
4 31 125 0
5 8 226 0
5 9 669 0
5 10 110 0
5 11 410 0
5 13 794 0
5 19 679 0
5 20 450 0
5 21 530 0
5 22 204 0
5 25 649 0
5 26 539 0
5 28 233 0
5 29 229 0
5 31 513 0
5 32 188 0
5 33 169 0
5 34 730 0
6 7 839 0
6 10 42 0
6 11 88 0
6 13 137 0
6 17 502 0
6 18 799 0
6 19 106 0
6 20 542 0
6 23 531 0
6 25 564 0
6 27 34 0
6 28 179 0
6 29 65 0
6 31 275 0
6 32 217 0
6 33 162 0
7 9 433 0
7 10 411 0
7 12 742 0
7 13 363 0
7 14 192 0
7 15 224 0
7 16 266 0
7 20 24 0
7 23 773 0
7 24 680 0
7 27 101 0
7 28 442 0
7 32 323 0
8 11 44 0
8 12 521 0
8 13 448 0
8 15 113 0
8 18 404 0
8 23 764 0
8 24 702 0
8 25 490 0
8 26 83 0
8 27 671 0
8 29 859 0
8 30 517 0
8 32 646 0
8 33 689 0
9 10 339 0
9 11 864 0
9 12 247 0
9 13 814 0
9 14 284 0
9 15 733 0
9 17 33 0
9 18 35 0
9 19 396 0
9 20 591 0
9 21 495 0
9 23 316 0
9 24 783 0
9 25 823 0
9 29 685 0
9 30 571 0
9 33 767 0
10 11 341 0
10 12 14 0
10 13 509 0
10 14 876 0
10 16 402 0
10 17 170 0
10 18 568 0
10 19 390 0
10 20 713 0
10 22 23 0
10 24 379 0
10 28 357 0
10 29 371 0
10 30 818 0
10 33 423 0
10 34 199 0
11 15 866 0
11 17 789 0
11 20 540 0
11 21 416 0
11 22 358 0
11 23 856 0
11 24 690 0
11 25 16 0
11 29 840 0
11 31 22 0
11 33 740 0
12 13 227 0
12 16 738 0
12 18 582 0
12 20 352 0
12 24 638 0
12 26 317 0
12 27 452 0
12 28 537 0
12 29 867 0
12 30 223 0
12 33 577 0
13 15 793 0
13 16 386 0
13 17 735 0
13 20 160 0
13 21 75 0
13 24 644 0
13 30 163 0
13 31 54 0
14 15 18 0
14 16 534 0
14 17 46 0
14 19 567 0
14 28 681 0
14 33 322 0
14 34 351 0
15 16 830 0
15 18 334 0
15 20 260 0
15 21 891 0
15 23 8 0
15 27 447 0
15 28 734 0
15 29 425 0
15 31 677 0
16 18 515 0
16 19 631 0
16 21 824 0
16 25 50 0
16 26 590 0
16 27 321 0
16 29 215 0
16 31 597 0
16 33 529 0
16 34 230 0
17 20 588 0
17 21 780 0
17 22 262 0
17 23 190 0
17 24 305 0
17 25 32 0
17 26 833 0
17 28 219 0
17 29 519 0
17 33 711 0
17 34 40 0
18 19 200 0
18 20 621 0
18 21 563 0
18 22 248 0
18 25 91 0
18 30 427 0
18 31 660 0
18 33 670 0
18 34 138 0
19 28 748 0
19 29 483 0
19 30 543 0
19 33 196 0
20 21 480 0
20 22 286 0
20 25 149 0
20 26 295 0
20 28 115 0
20 29 672 0
20 31 39 0
20 33 304 0
21 23 837 0
21 30 552 0
21 31 255 0
21 32 596 0
21 33 809 0
21 34 518 0
22 23 771 0
22 24 828 0
22 25 801 0
22 28 718 0
22 30 216 0
22 33 457 0
22 34 491 0
23 25 273 0
23 26 168 0
23 27 222 0
23 30 398 0
23 34 364 0
24 26 185 0
24 28 820 0
24 33 481 0
25 26 802 0
25 28 737 0
25 29 871 0
25 30 868 0
25 31 560 0
25 32 367 0
25 33 314 0
25 34 832 0
26 27 220 0
26 28 359 0
26 30 123 0
26 31 312 0
27 28 397 0
27 29 759 0
27 33 862 0
28 31 499 0
28 32 507 0
28 33 30 0
29 31 503 0
29 33 770 0
30 31 154 0
30 32 635 0
31 33 376 0
31 34 350 0
32 34 656 0
33 34 209 0
